000000000001111111
000000000010111111
000000000011011111
000000000011101111
000000000011110111
000000000011111011
000000000011111101
000000000011111110
000000000100111111
000000000101011111
000000000101101111
000000000101110111
000000000101111011
000000000101111101
000000000101111110
000000000110011111
000000000110101111
000000000110110111
000000000110111011
000000000110111101
000000000110111110
000000000111001111
000000000111010111
000000000111011011
000000000111011101
000000000111011110
000000000111100111
000000000111101011
000000000111101101
000000000111101110
000000000111110011
000000000111110101
000000000111110110
000000000111111001
000000001000111111
000000001001011111
000000001001101111
000000001001110111
000000001001111011
000000001001111101
000000001001111110
000000001010011111
000000001010101111
000000001010110111
000000001010111011
000000001010111101
000000001011001111
000000001011010111
000000001011011011
000000001011011101
000000001011011110
000000001011100111
000000001011101011
000000001011101101
000000001011101110
000000001011110011
000000001011110101
000000001011110110
000000001011111001
000000001100011111
000000001100101111
000000001100110111
000000001100111011
000000001100111101
000000001101001111
000000001101010111
000000001101011011
000000001101011101
000000001101011110
000000001101100111
000000001101101011
000000001101101101
000000001101101110
000000001101110011
000000001101110101
000000001101110110
000000001101111001
000000001110001111
000000001110010111
000000001110011011
000000001110100111
000000001110101011
000000001110110011
000000001111000111
000000001111001011
000000001111001101
000000001111001110
000000001111010011
000000001111010110
000000001111100011
000000001111100110
000000010000111111
000000010001011111
000000010001101111
000000010001110111
000000010001111011
000000010001111101
000000010001111110
000000010010011111
000000010010101111
000000010010110111
000000010010111011
000000010010111101
000000010010111110
000000010011001111
000000010011010111
000000010011011011
000000010011011101
000000010011011110
000000010011100111
000000010011101011
000000010011101101
000000010011101110
000000010011110011
000000010011110101
000000010011110110
000000010011111001
000000010100011111
000000010100101111
000000010100110111
000000010100111011
000000010100111101
000000010100111110
000000010101001111
000000010101010111
000000010101011011
000000010101011101
000000010101011110
000000010101100111
000000010101101011
000000010101101101
000000010101101110
000000010101110011
000000010101110101
000000010101110110
000000010101111001
000000010110001111
000000010110010111
000000010110011011
000000010110100111
000000010110101011
000000010110110011
000000010111000111
000000010111001011
000000010111001101
000000010111001110
000000010111010011
000000010111100011
000000011000011111
000000011000101111
000000011000110111
000000011000111011
000000011000111101
000000011001001111
000000011001010111
000000011001011011
000000011001100111
000000011001101011
000000011001110011
000000011001110110
000000011001111001
000000011010001111
000000011010010111
000000011010011011
000000011010011101
000000011010100111
000000011010101011
000000011010110011
000000011010110101
000000011011000111
000000011011001011
000000011011010011
000000011011100011
000000011100001111
000000011100010111
000000011100011011
000000011100100111
000000011100101011
000000011100101101
000000011100110011
000000011100110101
000000011101000111
000000011101001011
000000011101010011
000000011101100011
000000011110000111
000000011110001011
000000011110010011
000000011110100011
000000011111000011
000000100000111111
000000100001011111
000000100001101111
000000100001110111
000000100001111011
000000100001111101
000000100001111110
000000100010011111
000000100010101111
000000100010110111
000000100010111011
000000100010111101
000000100010111110
000000100011001111
000000100011010111
000000100011011011
000000100011011101
000000100011011110
000000100011100111
000000100011101011
000000100011101101
000000100011101110
000000100011110011
000000100011110101
000000100011110110
000000100011111001
000000100011111010
000000100011111100
000000100100011111
000000100100101111
000000100100110111
000000100100111011
000000100100111101
000000100100111110
000000100101001111
000000100101010111
000000100101011011
000000100101011101
000000100101011110
000000100101100111
000000100101101011
000000100101101101
000000100101101110
000000100101110011
000000100101110101
000000100101110110
000000100101111010
000000100110001111
000000100110010111
000000100110011011
000000100110011101
000000100110100111
000000100110101011
000000100110101101
000000100110110011
000000100110110101
000000100110110110
000000100111000111
000000100111001011
000000100111001101
000000100111001110
000000100111010011
000000100111010110
000000100111100011
000000100111100110
000000100111101010
000000101000011111
000000101000101111
000000101000110111
000000101000111011
000000101000111110
000000101001001111
000000101001010111
000000101001011011
000000101001011101
000000101001011110
000000101001100111
000000101001101011
000000101001101101
000000101001101110
000000101001110011
000000101001110110
000000101010001111
000000101010010111
000000101010011011
000000101010011101
000000101010100111
000000101010101011
000000101010101101
000000101010110011
000000101011000111
000000101011001011
000000101011010011
000000101011010101
000000101011100011
000000101011100101
000000101100001111
000000101100010111
000000101100011011
000000101100100111
000000101100101011
000000101101000111
000000101101001011
000000101101001101
000000101101001110
000000101101010011
000000101101010101
000000101101100011
000000101101100101
000000101110000111
000000101110001011
000000101110010011
000000101110100011
000000101111000011
000000110000011111
000000110000101111
000000110000110111
000000110000111011
000000110000111110
000000110001001111
000000110001010111
000000110001011011
000000110001011101
000000110001011110
000000110001100111
000000110001101011
000000110001101101
000000110001101110
000000110001110011
000000110010001111
000000110010010111
000000110010011011
000000110010011101
000000110010100111
000000110010101011
000000110010110011
000000110011000111
000000110011001011
000000110011010011
000000110011010110
000000110011100011
000000110011100110
000000110100001111
000000110100010111
000000110100011011
000000110100100111
000000110100101011
000000110101000111
000000110101001011
000000110101001101
000000110101001110
000000110101010011
000000110101100011
000000110110000111
000000110110001011
000000110110010011
000000110110100011
000000110111000011
000000111000001111
000000111000010111
000000111000011011
000000111000011101
000000111000100111
000000111000101011
000000111000110011
000000111001000111
000000111001001011
000000111001010011
000000111001100011
000000111010010011
000000111100000111
000000111100001011
000000111101000011
000001000000111111
000001000001011111
000001000001101111
000001000001110111
000001000001111011
000001000001111101
000001000001111110
000001000010011111
000001000010101111
000001000010110111
000001000010111011
000001000010111101
000001000010111110
000001000011001111
000001000011010111
000001000011011011
000001000011011101
000001000011011110
000001000011100111
000001000011101011
000001000011101101
000001000011101110
000001000011110011
000001000011110101
000001000011110110
000001000011111010
000001000100011111
000001000100101111
000001000100110111
000001000100111011
000001000100111101
000001000100111110
000001000101001111
000001000101010111
000001000101011011
000001000101011101
000001000101011110
000001000101100111
000001000101101011
000001000101101101
000001000101101110
000001000101110011
000001000101110101
000001000101110110
000001000101111001
000001000101111010
000001000101111100
000001000110001111
000001000110010111
000001000110011011
000001000110011101
000001000110100111
000001000110101011
000001000110101101
000001000110110011
000001000110110101
000001000110110110
000001000111000111
000001000111001011
000001000111001101
000001000111001110
000001000111010011
000001000111010110
000001000111011010
000001000111100011
000001000111100110
000001001000011111
000001001000101111
000001001000110111
000001001000111011
000001001000111110
000001001001001111
000001001001010111
000001001001011011
000001001001011101
000001001001011110
000001001001100111
000001001001101011
000001001001101101
000001001001101110
000001001001110011
000001001001110110
000001001010001111
000001001010010111
000001001010011011
000001001010100111
000001001010101011
000001001011000111
000001001011001011
000001001011001101
000001001011001110
000001001011010011
000001001011010101
000001001011100011
000001001011100101
000001001100001111
000001001100010111
000001001100011011
000001001100011101
000001001100100111
000001001100101011
000001001100101101
000001001100110011
000001001101000111
000001001101001011
000001001101010011
000001001101010101
000001001101100011
000001001101100101
000001001110000111
000001001110001011
000001001110010011
000001001110100011
000001001111000011
000001010000011111
000001010000101111
000001010000110111
000001010000111011
000001010000111110
000001010001001111
000001010001010111
000001010001011011
000001010001011101
000001010001011110
000001010001100111
000001010001101011
000001010001101101
000001010001101110
000001010001110011
000001010010001111
000001010010010111
000001010010011011
000001010010100111
000001010010101011
000001010011000111
000001010011001011
000001010011001101
000001010011001110
000001010011010011
000001010011100011
000001010100001111
000001010100010111
000001010100011011
000001010100100111
000001010100101011
000001010100101101
000001010100110011
000001010101000111
000001010101001011
000001010101010011
000001010101010110
000001010101100011
000001010101100110
000001010110000111
000001010110001011
000001010110010011
000001010110100011
000001010111000011
000001011000001111
000001011000010111
000001011000011011
000001011000100111
000001011000101011
000001011000101101
000001011000110011
000001011001000111
000001011001001011
000001011001010011
000001011001100011
000001011010000111
000001011010001011
000001011011000011
000001011100100011
000001100000011111
000001100000101111
000001100000110111
000001100000111011
000001100001001111
000001100001010111
000001100001011011
000001100001011101
000001100001011110
000001100001100111
000001100001101011
000001100001101101
000001100001101110
000001100001110011
000001100010001111
000001100010010111
000001100010100111
000001100010101011
000001100010110011
000001100011000111
000001100011001011
000001100011001101
000001100011010011
000001100011100011
000001100011100110
000001100100001111
000001100100010111
000001100100011011
000001100100100111
000001100100110011
000001100101000111
000001100101001011
000001100101001101
000001100101010011
000001100101010110
000001100101100011
000001100110000111
000001100111000011
000001101000001111
000001101000010111
000001101000100111
000001101001000111
000001101001001011
000001101001001101
000001101001010011
000001101001100011
000001101010000111
000001101010001011
000001101011000011
000001101100000111
000001101100001011
000001101101000011
000001110000001111
000001110000010111
000001110000011011
000001110000100111
000001110000101011
000001110001000111
000001110001001011
000001110001001110
000001110001010011
000001110001100011
000001110010000111
000001110010001011
000001110010010011
000001110010100011
000001110011000011
000001110100000111
000001110100001011
000001110100010011
000001110100100011
000001110101000011
000001111000000111
000001111000001011
000001111000001101
000001111001000011
000010000000111111
000010000001011111
000010000001101111
000010000001110111
000010000001111011
000010000001111101
000010000001111110
000010000010011111
000010000010101111
000010000010110111
000010000010111011
000010000010111101
000010000010111110
000010000011001111
000010000011010111
000010000011011011
000010000011011101
000010000011011110
000010000011100111
000010000011101011
000010000011101101
000010000011101110
000010000011110011
000010000011110101
000010000011110110
000010000011111001
000010000011111010
000010000100011111
000010000100101111
000010000100110111
000010000100111011
000010000100111101
000010000100111110
000010000101001111
000010000101010111
000010000101011011
000010000101011101
000010000101011110
000010000101100111
000010000101101011
000010000101101101
000010000101101110
000010000101110011
000010000101110101
000010000101110110
000010000101111001
000010000101111010
000010000110001111
000010000110010111
000010000110011011
000010000110100111
000010000110101011
000010000110110011
000010000111000111
000010000111001011
000010000111001101
000010000111001110
000010000111010011
000010000111010101
000010000111010110
000010000111100011
000010000111100101
000010000111100110
000010001000011111
000010001000101111
000010001000110111
000010001000111011
000010001000111101
000010001000111110
000010001001001111
000010001001010111
000010001001011011
000010001001100111
000010001001101011
000010001001110011
000010001001110101
000010001001110110
000010001001111001
000010001010001111
000010001010010111
000010001010011011
000010001010100111
000010001010101011
000010001010110011
000010001011000111
000010001011001011
000010001011010011
000010001011100011
000010001100001111
000010001100010111
000010001100011011
000010001100100111
000010001100101011
000010001100110011
000010001101000111
000010001101001011
000010001101010011
000010001101100011
000010001110000111
000010001110001011
000010001110001101
000010001110010011
000010001110100011
000010001111000011
000010001111000110
000010010000011111
000010010000101111
000010010000110111
000010010000111011
000010010000111101
000010010000111110
000010010001001111
000010010001010111
000010010001011011
000010010001100111
000010010001101011
000010010001110011
000010010001110101
000010010001110110
000010010001111010
000010010010001111
000010010010010111
000010010010011011
000010010010011110
000010010010100111
000010010010101011
000010010010101110
000010010010110011
000010010010110110
000010010010111010
000010010011000111
000010010011001011
000010010011010011
000010010011010101
000010010011011010
000010010011100011
000010010011100101
000010010011101010
000010010011110010
000010010100001111
000010010100010111
000010010100011011
000010010100011110
000010010100100111
000010010100101011
000010010100101110
000010010100110011
000010010100110110
000010010100111010
000010010101000111
000010010101001011
000010010101010011
000010010101010101
000010010101011010
000010010101100011
000010010101100101
000010010101101010
000010010101110010
000010010110000111
000010010110001011
000010010110001110
000010010110010011
000010010110100011
000010010111000011
000010010111000101
000010010111001010
000010011000001111
000010011000010111
000010011000011011
000010011000100111
000010011000101011
000010011000110011
000010011001010011
000010011001100011
000010011010010011
000010011100100011
000010100000011111
000010100000101111
000010100000110111
000010100000111011
000010100000111101
000010100000111110
000010100001001111
000010100001010111
000010100001011011
000010100001011101
000010100001011110
000010100001100111
000010100001101011
000010100001101101
000010100001101110
000010100001110011
000010100001110101
000010100001110110
000010100001111001
000010100001111010
000010100010001111
000010100010010111
000010100010011011
000010100010011110
000010100010100111
000010100010101011
000010100010101110
000010100010110011
000010100010110110
000010100011000111
000010100011001011
000010100011001110
000010100011010011
000010100011010110
000010100011100011
000010100011100110
000010100100001111
000010100100010111
000010100100011011
000010100100011110
000010100100100111
000010100100101011
000010100100101110
000010100101000111
000010100101001011
000010100101001101
000010100101001110
000010100101010011
000010100101010110
000010100101100011
000010100101100110
000010100110000111
000010100110001011
000010100111000011
000010101000001111
000010101000010111
000010101000011011
000010101000011101
000010101000100111
000010101000101011
000010101000110011
000010101001000111
000010101001001011
000010101001010011
000010101001100011
000010101100000111
000010101100001011
000010101101000011
000010110000001111
000010110000010111
000010110000011011
000010110000011110
000010110000100111
000010110000101011
000010110000101110
000010110000110011
000010110001000111
000010110001001011
000010110001010011
000010110001010101
000010110001011010
000010110001100011
000010110001100101
000010110001101010
000010110010010011
000010110010100011
000010110100000111
000010110100001011
000010110100010011
000010110100100011
000010110101000011
000010111000010011
000010111000100011
000011000000011111
000011000000101111
000011000000110111
000011000000111011
000011000000111101
000011000000111110
000011000001001111
000011000001010111
000011000001011011
000011000001011101
000011000001011110
000011000001100111
000011000001101011
000011000001101101
000011000001101110
000011000001110011
000011000001110101
000011000001110110
000011000001111001
000011000001111010
000011000010001111
000011000010010111
000011000010011011
000011000010011110
000011000010100111
000011000010101011
000011000010101110
000011000011000111
000011000011001011
000011000011001101
000011000011001110
000011000011010011
000011000011010110
000011000011100011
000011000011100110
000011000100001111
000011000100010111
000011000100011011
000011000100011110
000011000100100111
000011000100101011
000011000100101110
000011000100110011
000011000100110110
000011000101000111
000011000101001011
000011000101001110
000011000101010011
000011000101010110
000011000101100011
000011000101100110
000011000110000111
000011000110001011
000011000111000011
000011001000001111
000011001000010111
000011001000011011
000011001000100111
000011001000101011
000011001000101101
000011001000110011
000011001001000111
000011001001001011
000011001001010011
000011001001100011
000011001010000111
000011001010001011
000011001011000011
000011010000001111
000011010000010111
000011010000011011
000011010000011110
000011010000100111
000011010000101011
000011010000101110
000011010000110011
000011010001000111
000011010001001011
000011010001010011
000011010001010101
000011010001011010
000011010001100011
000011010001100101
000011010001101010
000011010010000111
000011010010001011
000011010010010011
000011010010100011
000011010011000011
000011010100010011
000011010100100011
000011011000010011
000011011000100011
000011100000001111
000011100000010111
000011100000011011
000011100000100111
000011100000101011
000011100001000111
000011100001001011
000011100001001110
000011100001010011
000011100001100011
000011100010000111
000011100010001011
000011100010010011
000011100010100011
000011100011000011
000011100100000111
000011100100001011
000011100100010011
000011100100100011
000011100101000011
000011101000000111
000011101000001101
000011101001000011
000011101001000110
000011110000000111
000011110000001011
000011110000001110
000011110001000011
000011110001001010
000011110010000011
000011110100000011
000011111000000011
000100000000111111
000100000001011111
000100000001101111
000100000001110111
000100000001111011
000100000001111101
000100000001111110
000100000010011111
000100000010101111
000100000010110111
000100000010111011
000100000010111101
000100000010111110
000100000011001111
000100000011010111
000100000011011011
000100000011011101
000100000011011110
000100000011100111
000100000011101011
000100000011101101
000100000011101110
000100000011110011
000100000011110101
000100000011110110
000100000011111001
000100000011111010
000100000100011111
000100000100101111
000100000100110111
000100000100111011
000100000100111101
000100000100111110
000100000101001111
000100000101010111
000100000101011011
000100000101011101
000100000101011110
000100000101100111
000100000101101011
000100000101101101
000100000101101110
000100000101110011
000100000101110101
000100000101110110
000100000101111001
000100000110001111
000100000110010111
000100000110011011
000100000110011110
000100000110100111
000100000110101011
000100000110101110
000100000110110011
000100000110110110
000100000111000111
000100000111001011
000100000111001101
000100000111001110
000100000111010011
000100000111010101
000100000111011001
000100000111100011
000100000111100101
000100000111101001
000100000111101010
000100001000011111
000100001000101111
000100001000110111
000100001000111011
000100001000111101
000100001001001111
000100001001010111
000100001001011011
000100001001011101
000100001001011110
000100001001100111
000100001001101011
000100001001101101
000100001001101110
000100001001110011
000100001001110101
000100001001110110
000100001001111001
000100001001111010
000100001010001111
000100001010010111
000100001010011011
000100001010011110
000100001010100111
000100001010101011
000100001010101110
000100001010110011
000100001011000111
000100001011001011
000100001011010011
000100001011010110
000100001011100011
000100001011100110
000100001100001111
000100001100010111
000100001100011011
000100001100011110
000100001100100111
000100001100101011
000100001100110011
000100001101000111
000100001101001011
000100001101001101
000100001101001110
000100001101010011
000100001101010110
000100001101100011
000100001101100110
000100001110000111
000100001110001011
000100001111000011
000100010000011111
000100010000101111
000100010000110111
000100010000111011
000100010000111101
000100010000111110
000100010001001111
000100010001010111
000100010001011011
000100010001011101
000100010001011110
000100010001100111
000100010001101011
000100010001101101
000100010001101110
000100010001110011
000100010001110101
000100010010010111
000100010010011011
000100010010100111
000100010010101011
000100010010110011
000100010011000111
000100010011010011
000100010011010101
000100010011100011
000100010011100101
000100010100001111
000100010100010111
000100010100011011
000100010100100111
000100010100101011
000100010100110011
000100010101000111
000100010101001011
000100010101010011
000100010101100011
000100010110000111
000100010110010011
000100010110100011
000100010111000011
000100011000001111
000100011000010111
000100011000011011
000100011000100111
000100011000101011
000100011000110011
000100011001000111
000100011001001011
000100011001010011
000100011001100011
000100011100000111
000100011100001011
000100011101000011
000100100000011111
000100100000101111
000100100000110111
000100100000111011
000100100000111101
000100100000111110
000100100001001111
000100100001010111
000100100001011011
000100100001011101
000100100001011110
000100100001100111
000100100001101011
000100100001101101
000100100001101110
000100100001110011
000100100001110101
000100100001110110
000100100001111001
000100100001111100
000100100010010111
000100100010011011
000100100010100111
000100100010101011
000100100010110011
000100100011000111
000100100011010011
000100100011010101
000100100011100011
000100100100001111
000100100100010111
000100100100011011
000100100100100111
000100100100101011
000100100100110011
000100100101000111
000100100101001011
000100100101001110
000100100101010011
000100100101100011
000100100110000111
000100100110001011
000100100111000011
000100101000010111
000100101000011011
000100101000100111
000100101000101011
000100101000110011
000100101001000111
000100101001010011
000100101001010101
000100101001100011
000100101010010011
000100101010100011
000100101101000011
000100110000001111
000100110000010111
000100110000011011
000100110000100111
000100110000101011
000100110000110011
000100110001000111
000100110001001011
000100110001010011
000100110001100011
000100110100000111
000100110100001011
000100110100010011
000100110101000011
000101000000011111
000101000000101111
000101000000110111
000101000000111011
000101000001001111
000101000001010111
000101000001011011
000101000001011101
000101000001011110
000101000001100111
000101000001101011
000101000001101101
000101000001101110
000101000001110011
000101000001110101
000101000010001111
000101000010010111
000101000010011011
000101000010100111
000101000010101011
000101000010110011
000101000011000111
000101000011001011
000101000011010011
000101000011100011
000101000100001111
000101000100010111
000101000100011011
000101000100100111
000101000100101011
000101000100110011
000101000101000111
000101000101001011
000101000101001110
000101000101010011
000101000101010110
000101000101100011
000101001000001111
000101001000010111
000101001000011011
000101001000100111
000101001000101011
000101001001000111
000101001001001011
000101001001001101
000101001001010011
000101001001100011
000101001001100101
000101001010010011
000101001010100011
000101001100010011
000101001100100011
000101001101000011
000101010000001111
000101010000010111
000101010000011011
000101010000100111
000101010000101011
000101010001000111
000101010001001011
000101010001010011
000101010001100011
000101010010000111
000101010011000011
000101010100000111
000101010100001011
000101010101000011
000101011000000111
000101011000001011
000101011001000011
000101100000001111
000101100000010111
000101100000100111
000101100001000111
000101100001001011
000101100001001101
000101100001001110
000101100001010011
000101100001100011
000101100010001011
000101100100000111
000101110000000111
000101110001000011
000110000000011111
000110000000101111
000110000000110111
000110000000111011
000110000000111101
000110000000111110
000110000001001111
000110000001010111
000110000001011011
000110000001011101
000110000001011110
000110000001100111
000110000001101011
000110000001101101
000110000001101110
000110000001110011
000110000001110101
000110000001110110
000110000001111010
000110000010001111
000110000010010111
000110000010011011
000110000010011101
000110000010100111
000110000010101011
000110000010110011
000110000011000111
000110000011010011
000110000011010101
000110000011100011
000110000011100101
000110000100001111
000110000100010111
000110000100011011
000110000100011101
000110000100100111
000110000100101011
000110000100101101
000110000100110011
000110000101000111
000110000101001011
000110000101001101
000110000101001110
000110000101010011
000110000101010101
000110000101100011
000110000101100101
000110000110000111
000110000110010011
000110000110100011
000110000111000011
000110001000001111
000110001000010111
000110001000011011
000110001000011110
000110001000100111
000110001000101011
000110001000110011
000110001001000111
000110001001001011
000110001001010011
000110001001010110
000110001001100011
000110001100000111
000110001100001011
000110001100010011
000110001100100011
000110001101000011
000110001101000110
000110010000001111
000110010000010111
000110010000011011
000110010000011110
000110010000100111
000110010000101011
000110010000101110
000110010000110011
000110010001000111
000110010001001011
000110010001010011
000110010001010101
000110010001011010
000110010001100011
000110010100000111
000110010100001011
000110010100001110
000110010101000011
000110100000001111
000110100000010111
000110100000011011
000110100000100111
000110100000101011
000110100000110011
000110100001000111
000110100001001011
000110100001010011
000110100001100011
000110100100000111
000110100101000011
000110110000010011
000110110000100011
000111000000001111
000111000000010111
000111000000011011
000111000000100111
000111000000101011
000111000001000111
000111000001001011
000111000001001101
000111000001001110
000111000001010011
000111000001100011
000111000100000111
000111000101000011
000111001000000111
000111001000001011
000111010000000111
000111010000001011
000111010000010011
000111010000100011
000111010001000011
000111100000000111
000111100000010011
000111100000100011
000111100001000011
001000000000111111
001000000001011111
001000000001101111
001000000001110111
001000000001111011
001000000001111101
001000000001111110
001000000010011111
001000000010101111
001000000010110111
001000000010111011
001000000010111101
001000000010111110
001000000011001111
001000000011010111
001000000011011011
001000000011011101
001000000011011110
001000000011100111
001000000011101011
001000000011101101
001000000011101110
001000000011110011
001000000011110101
001000000011110110
001000000011111001
001000000100011111
001000000100101111
001000000100110111
001000000100111011
001000000100111101
001000000100111110
001000000101001111
001000000101010111
001000000101011011
001000000101011101
001000000101011110
001000000101100111
001000000101101011
001000000101101101
001000000101101110
001000000101110011
001000000101110101
001000000101110110
001000000101111001
001000000101111010
001000000110001111
001000000110010111
001000000110011011
001000000110011110
001000000110100111
001000000110101011
001000000110101110
001000000110110011
001000000110110110
001000000111000111
001000000111001011
001000000111001101
001000000111001110
001000000111010011
001000000111010101
001000000111011001
001000000111011010
001000000111100011
001000000111100101
001000000111101001
001000001000011111
001000001000101111
001000001000110111
001000001000111011
001000001000111101
001000001001001111
001000001001010111
001000001001011011
001000001001011101
001000001001011110
001000001001100111
001000001001101011
001000001001101101
001000001001101110
001000001001110011
001000001001110101
001000001001110110
001000001001111001
001000001001111010
001000001010001111
001000001010010111
001000001010011011
001000001010100111
001000001010101011
001000001010101110
001000001010110011
001000001011000111
001000001011001011
001000001011001101
001000001011001110
001000001011010011
001000001011010110
001000001011100011
001000001011100110
001000001100001111
001000001100010111
001000001100011011
001000001100011110
001000001100100111
001000001100101011
001000001100101110
001000001100110011
001000001101000111
001000001101001011
001000001101010011
001000001101010110
001000001101100011
001000001101100110
001000001110000111
001000001110001011
001000001111000011
001000010000011111
001000010000101111
001000010000110111
001000010000111011
001000010000111101
001000010000111110
001000010001001111
001000010001010111
001000010001011011
001000010001011101
001000010001011110
001000010001100111
001000010001101011
001000010001101101
001000010001101110
001000010001110011
001000010001110101
001000010010001111
001000010010010111
001000010010011011
001000010010100111
001000010010101011
001000010010110011
001000010011000111
001000010011001011
001000010011010011
001000010011100011
001000010100010111
001000010100011011
001000010100100111
001000010100101011
001000010100110011
001000010101000111
001000010101010011
001000010101010101
001000010101100011
001000010101100101
001000010110000111
001000010110010011
001000010110100011
001000010111000011
001000011000001111
001000011000010111
001000011000011011
001000011000100111
001000011000101011
001000011000110011
001000011001000111
001000011001001011
001000011001010011
001000011001100011
001000011010000111
001000011010001011
001000011011000011
001000100000011111
001000100000101111
001000100000110111
001000100000111011
001000100001001111
001000100001010111
001000100001011011
001000100001011101
001000100001011110
001000100001100111
001000100001101011
001000100001101101
001000100001101110
001000100001110011
001000100001110101
001000100010001111
001000100010010111
001000100010011011
001000100010100111
001000100010101011
001000100010110011
001000100011000111
001000100011001011
001000100011001110
001000100011010011
001000100011100011
001000100011100110
001000100100001111
001000100100010111
001000100100011011
001000100100100111
001000100100101011
001000100100110011
001000100101000111
001000100101001011
001000100101010011
001000100101100011
001000101000001111
001000101000010111
001000101000011011
001000101000100111
001000101000101011
001000101001000111
001000101001001011
001000101001001101
001000101001010011
001000101001010101
001000101001100011
001000101010010011
001000101010100011
001000101011000011
001000101100010011
001000101100100011
001000110000001111
001000110000010111
001000110000011011
001000110000100111
001000110000101011
001000110001000111
001000110001001011
001000110001010011
001000110001100011
001000110010000111
001000110010001011
001000110011000011
001000110100000111
001000110101000011
001000111000000111
001000111000001011
001000111001000011
001001000000011111
001001000000101111
001001000000110111
001001000000111011
001001000000111101
001001000000111110
001001000001001111
001001000001010111
001001000001011011
001001000001011101
001001000001011110
001001000001100111
001001000001101011
001001000001101101
001001000001101110
001001000001110011
001001000001110101
001001000001110110
001001000001111001
001001000001111100
001001000010001111
001001000010010111
001001000010011011
001001000010100111
001001000010101011
001001000010110011
001001000011000111
001001000011001011
001001000011001110
001001000011010011
001001000011100011
001001000100010111
001001000100011011
001001000100100111
001001000100101011
001001000100110011
001001000101000111
001001000101010011
001001000101100011
001001000101100101
001001000110000111
001001000110001011
001001000111000011
001001001000010111
001001001000011011
001001001000100111
001001001000101011
001001001000110011
001001001001000111
001001001001010011
001001001001100011
001001001001100101
001001001011000011
001001001100010011
001001001100100011
001001010000001111
001001010000010111
001001010000011011
001001010000100111
001001010000101011
001001010000110011
001001010001000111
001001010001001011
001001010001010011
001001010001100011
001001010010000111
001001010010001011
001001010010100011
001001010011000011
001001100000001111
001001100000010111
001001100000100111
001001100001000111
001001100001001011
001001100001001101
001001100001001110
001001100001010011
001001100001100011
001001100010000111
001001100100001011
001001110000000111
001001110001000011
001010000000011111
001010000000101111
001010000000110111
001010000000111011
001010000000111101
001010000000111110
001010000001001111
001010000001010111
001010000001011011
001010000001011101
001010000001011110
001010000001100111
001010000001101011
001010000001101101
001010000001101110
001010000001110011
001010000001110101
001010000001110110
001010000001111010
001010000010001111
001010000010010111
001010000010011011
001010000010011101
001010000010100111
001010000010101011
001010000010101101
001010000010110011
001010000011000111
001010000011001011
001010000011001101
001010000011001110
001010000011010011
001010000011010101
001010000011100011
001010000011100101
001010000100001111
001010000100010111
001010000100011011
001010000100100111
001010000100101011
001010000100101101
001010000100110011
001010000101000111
001010000101010011
001010000101010101
001010000101100011
001010000101100101
001010000110000111
001010000110010011
001010000110100011
001010000111000011
001010001000001111
001010001000010111
001010001000011011
001010001000100111
001010001000101011
001010001000101110
001010001000110011
001010001001000111
001010001001001011
001010001001010011
001010001001100011
001010001001100110
001010001010000111
001010001010001011
001010001010010011
001010001010100011
001010001011000011
001010001011000110
001010010000001111
001010010000010111
001010010000011011
001010010000011110
001010010000100111
001010010000101011
001010010000101110
001010010000110011
001010010001000111
001010010001001011
001010010001010011
001010010001100011
001010010001100101
001010010001101010
001010010010000111
001010010010001011
001010010010001110
001010010011000011
001010100000001111
001010100000010111
001010100000011011
001010100000100111
001010100000101011
001010100001000111
001010100001001011
001010100001001101
001010100001001110
001010100001010011
001010100001100011
001010100010000111
001010100011000011
001010101000000111
001010101000001011
001010110000000111
001010110000001011
001010110000010011
001010110000100011
001010110001000011
001011000000001111
001011000000010111
001011000000011011
001011000000100111
001011000000101011
001011000000110011
001011000001000111
001011000001001011
001011000001010011
001011000001100011
001011000010000111
001011000011000011
001011010000010011
001011010000100011
001011100000000111
001011100000010011
001011100000100011
001011100001000011
001100000000011111
001100000000101111
001100000000110111
001100000000111011
001100000001001111
001100000001010111
001100000001011011
001100000001011101
001100000001011110
001100000001100111
001100000001101011
001100000001101101
001100000001101110
001100000001110011
001100000001110101
001100000001110110
001100000001111001
001100000010001111
001100000010010111
001100000010011011
001100000010100111
001100000010101011
001100000010110011
001100000011000111
001100000011001011
001100000011010011
001100000011100011
001100000011100101
001100000100001111
001100000100010111
001100000100011011
001100000100100111
001100000100101011
001100000100110011
001100000101000111
001100000101001011
001100000101010011
001100000101010101
001100000101100011
001100000110000111
001100000111000011
001100001000001111
001100001000010111
001100001000011011
001100001000100111
001100001000101011
001100001001000111
001100001001001011
001100001001001110
001100001001010011
001100001001100011
001100001010000111
001100001010001011
001100001011000011
001100001100000111
001100001100001011
001100001101000011
001100010000001111
001100010000010111
001100010000011011
001100010000100111
001100010000101011
001100010000110011
001100010001000111
001100010001001011
001100010001010011
001100010001100011
001100011000000111
001100011000001011
001100011001000011
001100100000001111
001100100000010111
001100100000011011
001100100000100111
001100100000101011
001100100001000111
001100100001001011
001100100001010011
001100100001100011
001100100010000111
001101000000001111
001101000000010111
001101000000011011
001101000000100111
001101000000101011
001101000001000111
001101000001001011
001101000001010011
001101000001100011
001101000100000111
001110000000001111
001110000000010111
001110000000011011
001110000000100111
001110000000101011
001110000000110011
001110000001000111
001110000001001011
001110000001001101
001110000001001110
001110000001010011
001110000001010101
001110000001100011
001110000001100101
001110000010000111
001110000010010011
001110000010100011
001110000100000111
001110000100010011
001110000100100011
001110001000000111
001110001000001011
001110001001000011
001110010000000111
001110010000001011
001110010001000011
001110100000000111
001111000000000111
010000000000111111
010000000001011111
010000000001101111
010000000001110111
010000000001111011
010000000001111101
010000000001111110
010000000010011111
010000000010101111
010000000010110111
010000000010111011
010000000010111101
010000000010111110
010000000011001111
010000000011010111
010000000011011011
010000000011011101
010000000011011110
010000000011100111
010000000011101011
010000000011101101
010000000011101110
010000000011110011
010000000011110101
010000000011110110
010000000011111001
010000000011111010
010000000100011111
010000000100101111
010000000100110111
010000000100111011
010000000100111101
010000000100111110
010000000101001111
010000000101010111
010000000101011011
010000000101011101
010000000101011110
010000000101100111
010000000101101011
010000000101101101
010000000101101110
010000000101110011
010000000101110101
010000000101110110
010000000101111001
010000000101111010
010000000110001111
010000000110010111
010000000110011011
010000000110011101
010000000110011110
010000000110100111
010000000110101011
010000000110101101
010000000110101110
010000000110110011
010000000110110101
010000000111000111
010000000111001011
010000000111001101
010000000111001110
010000000111010011
010000000111010110
010000000111100011
010000000111100110
010000001000011111
010000001000101111
010000001000110111
010000001000111011
010000001000111101
010000001000111110
010000001001001111
010000001001010111
010000001001011011
010000001001100111
010000001001101011
010000001001110011
010000001001110101
010000001001110110
010000001001111001
010000001001111010
010000001010001111
010000001010010111
010000001010011011
010000001010011110
010000001010100111
010000001010101011
010000001010101110
010000001010110011
010000001010110110
010000001011000111
010000001011001011
010000001011010011
010000001011100011
010000001011110010
010000001100001111
010000001100010111
010000001100011011
010000001100011110
010000001100100111
010000001100101011
010000001100101110
010000001100110011
010000001100110110
010000001101000111
010000001101001011
010000001101010011
010000001101100011
010000001101110010
010000001110000111
010000001110001011
010000001110001110
010000001110010011
010000001110100011
010000001111000011
010000010000011111
010000010000101111
010000010000110111
010000010000111011
010000010000111101
010000010000111110
010000010001001111
010000010001010111
010000010001011011
010000010001100111
010000010001101011
010000010001110011
010000010001110101
010000010001110110
010000010001111001
010000010001111100
010000010010001111
010000010010010111
010000010010011011
010000010010011101
010000010010100111
010000010010101011
010000010010101101
010000010010110011
010000010010110101
010000010010111001
010000010011000111
010000010011001011
010000010011010011
010000010011010101
010000010011010110
010000010011011001
010000010011100011
010000010011100110
010000010011101001
010000010011110001
010000010100001111
010000010100010111
010000010100011011
010000010100011101
010000010100100111
010000010100101011
010000010100101101
010000010100110011
010000010100110101
010000010100111001
010000010101000111
010000010101001011
010000010101010011
010000010101010110
010000010101011001
010000010101100011
010000010101100101
010000010101100110
010000010101101001
010000010101110001
010000010110000111
010000010110001011
010000010110001101
010000010110010011
010000010110100011
010000010111000011
010000010111000110
010000010111001001
010000011000010111
010000011000011011
010000011000100111
010000011000101011
010000011000110011
010000011001000111
010000011001010011
010000011001100011
010000011010010011
010000011100100011
010000100000011111
010000100000101111
010000100000110111
010000100000111011
010000100000111101
010000100000111110
010000100001001111
010000100001010111
010000100001011011
010000100001011101
010000100001011110
010000100001100111
010000100001101011
010000100001101101
010000100001101110
010000100001110011
010000100001110101
010000100001110110
010000100001111001
010000100001111010
010000100010001111
010000100010010111
010000100010011011
010000100010100111
010000100010101011
010000100010110011
010000100010110101
010000100010110110
010000100011000111
010000100011010011
010000100011010101
010000100011100011
010000100011100101
010000100100001111
010000100100010111
010000100100011011
010000100100100111
010000100100101011
010000100100101110
010000100100110011
010000100101000111
010000100101001011
010000100101001101
010000100101010011
010000100101010101
010000100101100011
010000100101100101
010000100110000111
010000100110001011
010000100111000011
010000101000001111
010000101000010111
010000101000011011
010000101000100111
010000101000101011
010000101000110011
010000101001000111
010000101001010011
010000101001010101
010000101001100011
010000101010010011
010000101010100011
010000101100000111
010000101100001011
010000101100001101
010000101100010011
010000101100100011
010000101101000011
010000110000001111
010000110000010111
010000110000011011
010000110000011101
010000110000100111
010000110000101011
010000110000101101
010000110000110011
010000110001000111
010000110001001011
010000110001010011
010000110001011001
010000110001100011
010000110001101001
010000110010010011
010000110010100011
010000110100000111
010000110100001011
010000110100010011
010000110101000011
010001000000011111
010001000000101111
010001000000110111
010001000000111011
010001000000111101
010001000000111110
010001000001001111
010001000001010111
010001000001011011
010001000001011101
010001000001011110
010001000001100111
010001000001101011
010001000001101101
010001000001101110
010001000001110011
010001000001110101
010001000001110110
010001000001111001
010001000001111010
010001000010001111
010001000010010111
010001000010011011
010001000010011110
010001000010100111
010001000010101011
010001000010110011
010001000011000111
010001000011001011
010001000011001101
010001000011010011
010001000011010101
010001000011100011
010001000011100101
010001000100001111
010001000100010111
010001000100011011
010001000100100111
010001000100101011
010001000100110011
010001000100110101
010001000100110110
010001000101000111
010001000101010011
010001000101010101
010001000101100011
010001000101100101
010001000110000111
010001000110001011
010001000111000011
010001001000001111
010001001000010111
010001001000011011
010001001000100111
010001001000101011
010001001000110011
010001001001000111
010001001001010011
010001001001100011
010001001001100101
010001001010000111
010001001010001011
010001001010001101
010001001010010011
010001001010100011
010001001011000011
010001001100010011
010001001100100011
010001010000001111
010001010000010111
010001010000011011
010001010000011101
010001010000100111
010001010000101011
010001010000101101
010001010000110011
010001010001000111
010001010001001011
010001010001010011
010001010001011001
010001010001100011
010001010001101001
010001010010000111
010001010010001011
010001010010100011
010001010011000011
010001010100010011
010001010100100011
010001100000001111
010001100000010111
010001100000011011
010001100000100111
010001100000101011
010001100001000111
010001100001001011
010001100001001101
010001100001001110
010001100001010011
010001100001100011
010001100010000111
010001100010001011
010001100100000111
010001100100001011
010001101000000111
010001101000001011
010001101001000011
010001110000000111
010001110000001011
010001110000001101
010001110001000011
010010000000011111
010010000000101111
010010000000110111
010010000000111011
010010000000111101
010010000000111110
010010000001001111
010010000001010111
010010000001011011
010010000001100111
010010000001101011
010010000001110011
010010000001110101
010010000001110110
010010000001111001
010010000001111010
010010000001111100
010010000010001111
010010000010010111
010010000010011011
010010000010011101
010010000010100111
010010000010101011
010010000010101101
010010000010110011
010010000010110101
010010000010111001
010010000011000111
010010000011001011
010010000011010011
010010000011010101
010010000011010110
010010000011011001
010010000011100011
010010000011100110
010010000011101001
010010000011110001
010010000100001111
010010000100010111
010010000100011011
010010000100011101
010010000100100111
010010000100101011
010010000100101101
010010000100110011
010010000100110101
010010000100111001
010010000101000111
010010000101001011
010010000101010011
010010000101010110
010010000101011001
010010000101100011
010010000101100101
010010000101100110
010010000101101001
010010000101110001
010010000110000111
010010000110001011
010010000110001101
010010000110010011
010010000110100011
010010000111000011
010010000111000110
010010000111001001
010010001000010111
010010001000011011
010010001000100111
010010001000101011
010010001000110011
010010001000110101
010010001001010011
010010001001100011
010010001010000111
010010001010010011
010010001010100011
010010001100000111
010010001100010011
010010001100100011
010010001110000011
010010010000010111
010010010000011011
010010010000100111
010010010000101011
010010010000110011
010010010000110101
010010010000110110
010010010000111001
010010010000111010
010010010001010011
010010010001100011
010010010001110001
010010010010000111
010010010010010011
010010010010100011
010010010011000011
010010010100000111
010010010100010011
010010010100100011
010010010101000011
010010010110000011
010010100000001111
010010100000010111
010010100000011011
010010100000011110
010010100000100111
010010100000101011
010010100000101110
010010100000110011
010010100001000111
010010100001001011
010010100001010011
010010100001010110
010010100001100011
010010100001100110
010010100010000111
010010100010010011
010010100010100011
010010100100000111
010010100100001011
010010100100001110
010010100101000011
010010110000010011
010010110000010110
010010110000100011
010011000000001111
010011000000010111
010011000000011011
010011000000011110
010011000000100111
010011000000101011
010011000000101110
010011000000110011
010011000001000111
010011000001001011
010011000001010011
010011000001010110
010011000001100011
010011000001100110
010011000010000111
010011000010001011
010011000010001110
010011000011000011
010011000100000111
010011000100010011
010011000100100011
010011010000010011
010011010000100011
010011010000100110
010011100000000111
010011100000001011
010011100001000011
010011100001000110
010011110000000011
010100000000011111
010100000000101111
010100000000110111
010100000000111011
010100000000111101
010100000000111110
010100000001001111
010100000001010111
010100000001011011
010100000001011101
010100000001011110
010100000001100111
010100000001101011
010100000001101101
010100000001101110
010100000001110011
010100000001110101
010100000001110110
010100000001111001
010100000001111010
010100000010001111
010100000010010111
010100000010011011
010100000010100111
010100000010101011
010100000010110011
010100000010110101
010100000010110110
010100000011001011
010100000011010011
010100000011100011
010100000100001111
010100000100010111
010100000100011011
010100000100011101
010100000100100111
010100000100101011
010100000100101101
010100000100101110
010100000100110011
010100000101000111
010100000101001011
010100000101001101
010100000101001110
010100000101010011
010100000101100011
010100000110000111
010100000110001011
010100000110010011
010100000110100011
010100000111000011
010100001000001111
010100001000010111
010100001000011011
010100001000011110
010100001000100111
010100001000101011
010100001000101110
010100001000110011
010100001001000111
010100001001001011
010100001001010011
010100001001100011
010100001010010011
010100001010100011
010100001100000111
010100001100001011
010100001100001110
010100001100010011
010100001100100011
010100001101000011
010100010000001111
010100010000010111
010100010000011011
010100010000011101
010100010000100111
010100010000101011
010100010000101101
010100010000110011
010100010001000111
010100010001001011
010100010001010011
010100010001011001
010100010001100011
010100010100000111
010100010100001011
010100010100001101
010100010100010011
010100010101000011
010100100000001111
010100100000010111
010100100000011011
010100100000100111
010100100000101011
010100100000110011
010100100001000111
010100100001010011
010100100001100011
010100100100000111
010100100100001011
010100100100100011
010101000000001111
010101000000010111
010101000000011011
010101000000100111
010101000000101011
010101000001000111
010101000001001011
010101000001001101
010101000001001110
010101000001010011
010101000001100011
010101000010010011
010101000010100011
010101000100000111
010101000100001011
010101001000000111
010101001000001011
010101001001000011
010101010000000111
010101010000001011
010101010001000011
010101100000000111
010110000000001111
010110000000010111
010110000000011011
010110000000011101
010110000000100111
010110000000101011
010110000000101101
010110000000110011
010110000000110101
010110000001000111
010110000001001011
010110000001010011
010110000001010101
010110000001010110
010110000001011001
010110000001100011
010110000001100101
010110000010010011
010110000010100011
010110000100000111
010110000100001011
010110000100001101
010110000100010011
010110000100100011
010110000101000011
010110001000010011
010110001000100011
010110001100000011
010110100000000111
010111000000000111
010111000000001011
010111000001000011
011000000000011111
011000000000101111
011000000000110111
011000000000111011
011000000000111101
011000000000111110
011000000001001111
011000000001010111
011000000001011011
011000000001011101
011000000001011110
011000000001100111
011000000001101011
011000000001101101
011000000001101110
011000000001110011
011000000001110101
011000000001110110
011000000001111001
011000000001111010
011000000010001111
011000000010010111
011000000010011011
011000000010011101
011000000010011110
011000000010100111
011000000010101011
011000000010101101
011000000010110011
011000000011000111
011000000011001011
011000000011001101
011000000011001110
011000000011010011
011000000011100011
011000000100001111
011000000100010111
011000000100011011
011000000100100111
011000000100101011
011000000100110011
011000000100110101
011000000100110110
011000000101001011
011000000101010011
011000000101100011
011000000110000111
011000000110001011
011000000110010011
011000000110100011
011000000111000011
011000001000001111
011000001000010111
011000001000011011
011000001000011110
011000001000100111
011000001000101011
011000001000101110
011000001000110011
011000001001000111
011000001001001011
011000001001010011
011000001001100011
011000001010000111
011000001010001011
011000001010001110
011000001010010011
011000001010100011
011000001011000011
011000001100010011
011000001100100011
011000010000001111
011000010000010111
011000010000011011
011000010000011101
011000010000100111
011000010000101011
011000010000101101
011000010000110011
011000010001000111
011000010001001011
011000010001010011
011000010001100011
011000010001101001
011000010010000111
011000010010001011
011000010010001101
011000010010100011
011000010011000011
011000100000001111
011000100000010111
011000100000011011
011000100000100111
011000100000101011
011000100001000111
011000100001001011
011000100001001101
011000100001001110
011000100001010011
011000100001100011
011000100010000111
011000100010001011
011000100100010011
011000100100100011
011000101000000111
011000101000001011
011000101001000011
011000110000000111
011000110000001011
011000110001000011
011001000000001111
011001000000010111
011001000000011011
011001000000100111
011001000000101011
011001000000110011
011001000001000111
011001000001010011
011001000001100011
011001000010000111
011001000010001011
011001000010010011
011001100000000111
011010000000001111
011010000000010111
011010000000011011
011010000000011101
011010000000100111
011010000000101011
011010000000101101
011010000000110011
011010000000110101
011010000001000111
011010000001001011
011010000001010011
011010000001010101
011010000001100011
011010000001100101
011010000001100110
011010000001101001
011010000010000111
011010000010001011
011010000010001101
011010000010010011
011010000010100011
011010000011000011
011010000100010011
011010000100100011
011010001000010011
011010001000100011
011010001010000011
011010100000000111
011010100000001011
011010100001000011
011011000000000111
011100000000001111
011100000000010111
011100000000011011
011100000000100111
011100000000101011
011100000001000111
011100000001001011
011100000001001101
011100000001010011
011100000001100011
011100000010000111
011100000010001011
011100000011000011
011100000100000111
011100000100001011
011100000101000011
011100001000000111
011100001000001011
011100001000001110
011100001001000011
011100010000000111
011100010000001011
011100010001000011
011110000000000111
011110000000001011
011110000000001101
011110000001000011
100000000000111111
100000000001011111
100000000001101111
100000000001110111
100000000001111011
100000000001111101
100000000001111110
100000000010011111
100000000010101111
100000000010110111
100000000010111011
100000000010111101
100000000010111110
100000000011001111
100000000011010111
100000000011011011
100000000011011101
100000000011011110
100000000011100111
100000000011101011
100000000011101101
100000000011101110
100000000011110011
100000000011110101
100000000011110110
100000000011111001
100000000011111010
100000000100011111
100000000100101111
100000000100110111
100000000100111011
100000000100111101
100000000100111110
100000000101001111
100000000101010111
100000000101011011
100000000101011101
100000000101011110
100000000101100111
100000000101101011
100000000101101101
100000000101101110
100000000101110011
100000000101110101
100000000101110110
100000000101111001
100000000101111010
100000000110001111
100000000110010111
100000000110011011
100000000110011110
100000000110100111
100000000110101011
100000000110101110
100000000110110011
100000000111000111
100000000111001011
100000000111001101
100000000111001110
100000000111010011
100000000111010110
100000000111011010
100000000111100011
100000000111100110
100000000111101010
100000001000011111
100000001000101111
100000001000110111
100000001000111011
100000001000111101
100000001000111110
100000001001001111
100000001001010111
100000001001011011
100000001001011101
100000001001011110
100000001001100111
100000001001101011
100000001001101101
100000001001101110
100000001001110011
100000001001110101
100000001001110110
100000001001111001
100000001001111010
100000001010001111
100000001010010111
100000001010011011
100000001010011110
100000001010100111
100000001010101011
100000001010101110
100000001010110011
100000001010110110
100000001010111010
100000001011000111
100000001011001011
100000001011010011
100000001011100011
100000001011110010
100000001100001111
100000001100010111
100000001100011011
100000001100011110
100000001100100111
100000001100101011
100000001100101110
100000001100110011
100000001100110110
100000001100111010
100000001101000111
100000001101001011
100000001101010011
100000001101100011
100000001101110010
100000001110000111
100000001110001011
100000001110010011
100000001110100011
100000001111000011
100000010000011111
100000010000101111
100000010000110111
100000010000111011
100000010000111101
100000010000111110
100000010001001111
100000010001010111
100000010001011011
100000010001011101
100000010001011110
100000010001100111
100000010001101011
100000010001101101
100000010001101110
100000010001110011
100000010001110110
100000010001111001
100000010001111010
100000010001111100
100000010010001111
100000010010010111
100000010010011011
100000010010011101
100000010010011110
100000010010100111
100000010010101011
100000010010101110
100000010010110011
100000010011000111
100000010011001011
100000010011010011
100000010011010101
100000010011010110
100000010011011001
100000010011100011
100000010100001111
100000010100010111
100000010100011011
100000010100011110
100000010100100111
100000010100101011
100000010100101101
100000010100101110
100000010100110011
100000010101000111
100000010101001011
100000010101010011
100000010101100011
100000010101100101
100000010101100110
100000010101101001
100000010110000111
100000010110001011
100000010111000011
100000010111000110
100000011000010111
100000011000011011
100000011000100111
100000011000101011
100000011000110011
100000011001010011
100000011001100011
100000011010010011
100000011010100011
100000011100010011
100000011100100011
100000011110000011
100000100000011111
100000100000101111
100000100000110111
100000100000111011
100000100000111110
100000100001001111
100000100001010111
100000100001011011
100000100001011101
100000100001011110
100000100001100111
100000100001101011
100000100001101101
100000100001101110
100000100001110011
100000100001110110
100000100001111001
100000100001111010
100000100010001111
100000100010010111
100000100010011011
100000100010011101
100000100010100111
100000100010101011
100000100010110011
100000100011000111
100000100011001011
100000100011001101
100000100011010011
100000100011010101
100000100011100011
100000100011100101
100000100100001111
100000100100010111
100000100100011011
100000100100100111
100000100100101011
100000100100110011
100000100101000111
100000100101001011
100000100101001101
100000100101001110
100000100101010011
100000100101010101
100000100101100011
100000100101100101
100000100101101010
100000100110000111
100000100110001011
100000100110010011
100000100110100011
100000100111000011
100000101000001111
100000101000010111
100000101000011011
100000101000100111
100000101000101011
100000101000110011
100000101001000111
100000101001010011
100000101001010101
100000101001100011
100000101100000111
100000101100001011
100000101101000011
100000110000001111
100000110000010111
100000110000011011
100000110000011101
100000110000011110
100000110000100111
100000110000101011
100000110000110011
100000110001000111
100000110001001011
100000110001010011
100000110001100011
100000110100000111
100000110100001011
100000110100001110
100000110101000011
100001000000011111
100001000000101111
100001000000110111
100001000000111011
100001000000111110
100001000001001111
100001000001010111
100001000001011011
100001000001011101
100001000001011110
100001000001100111
100001000001101011
100001000001101101
100001000001101110
100001000001110011
100001000001110110
100001000001111001
100001000001111010
100001000010001111
100001000010010111
100001000010011011
100001000010100111
100001000010101011
100001000010110011
100001000011000111
100001000011001011
100001000011001101
100001000011001110
100001000011010011
100001000011010101
100001000011011010
100001000011100011
100001000011100101
100001000100001111
100001000100010111
100001000100011011
100001000100100111
100001000100101011
100001000100101101
100001000100110011
100001000101000111
100001000101001011
100001000101001101
100001000101010011
100001000101010101
100001000101100011
100001000101100101
100001000110000111
100001000110001011
100001000110010011
100001000110100011
100001000111000011
100001001000001111
100001001000010111
100001001000011011
100001001000100111
100001001000101011
100001001000110011
100001001001000111
100001001001010011
100001001001100011
100001001001100101
100001001010000111
100001001010001011
100001001011000011
100001010000001111
100001010000010111
100001010000011011
100001010000100111
100001010000101011
100001010000101101
100001010000101110
100001010000110011
100001010001000111
100001010001001011
100001010001010011
100001010001100011
100001010010000111
100001010010001011
100001010010001110
100001010011000011
100001100000001111
100001100000010111
100001100000011011
100001100000100111
100001100000101011
100001100001000111
100001100001001011
100001100001001101
100001100001001110
100001100001010011
100001100001100011
100001100010000111
100001100010001011
100001100011000011
100001100100000111
100001100100001011
100001100101000011
100001101000001011
100001101001000011
100001110000000111
100001110000001011
100001110000001101
100001110001000011
100010000000011111
100010000000101111
100010000000110111
100010000000111011
100010000000111101
100010000000111110
100010000001001111
100010000001010111
100010000001011011
100010000001011101
100010000001011110
100010000001100111
100010000001101011
100010000001101101
100010000001101110
100010000001110011
100010000001110101
100010000001110110
100010000001111001
100010000001111010
100010000001111100
100010000010001111
100010000010010111
100010000010011011
100010000010011101
100010000010011110
100010000010100111
100010000010101011
100010000010101101
100010000010101110
100010000010110011
100010000010110101
100010000010111001
100010000011000111
100010000011001011
100010000011010011
100010000011010101
100010000011010110
100010000011011001
100010000011100011
100010000011100101
100010000011100110
100010000011101001
100010000011110001
100010000100001111
100010000100010111
100010000100011011
100010000100011101
100010000100011110
100010000100100111
100010000100101011
100010000100101101
100010000100101110
100010000100110011
100010000100110101
100010000100111001
100010000101000111
100010000101001011
100010000101010011
100010000101010101
100010000101010110
100010000101011001
100010000101100011
100010000101100101
100010000101100110
100010000101101001
100010000101110001
100010000110000111
100010000110001011
100010000110001101
100010000110010011
100010000110100011
100010000111000011
100010000111000110
100010000111001001
100010001000010111
100010001000011011
100010001000100111
100010001000101011
100010001000110011
100010001000110101
100010001001010011
100010001001100011
100010001010000111
100010001010010011
100010001010100011
100010001011000011
100010001100000111
100010001100010011
100010001100100011
100010001101000011
100010001110000011
100010010000010111
100010010000011011
100010010000100111
100010010000101011
100010010000110011
100010010000110101
100010010000110110
100010010001010011
100010010001100011
100010010001110001
100010010010000111
100010010011000011
100010010100000111
100010010101000011
100010010110000011
100010100000001111
100010100000010111
100010100000011011
100010100000011101
100010100000011110
100010100000100111
100010100000101011
100010100000101101
100010100000110011
100010100001000111
100010100001001011
100010100001010011
100010100001010101
100010100001011001
100010100001011010
100010100001100011
100010100001101001
100010100010010011
100010100010100011
100010100011000011
100010100100000111
100010100100001011
100010100100001110
100010100100010011
100010100100100011
100010100101000011
100010100110000011
100010110000010011
100010110000100011
100011000000001111
100011000000010111
100011000000011011
100011000000011101
100011000000100111
100011000000101011
100011000000101101
100011000000101110
100011000000110011
100011000001000111
100011000001001011
100011000001010011
100011000001011001
100011000001100011
100011000001100101
100011000001101001
100011000001101010
100011000010000111
100011000010001011
100011000010001110
100011000010010011
100011000010100011
100011000011000011
100011000100010011
100011000100100011
100011000101000011
100011000110000011
100011010000010011
100011010000100011
100011100000000111
100011100000001011
100011100000001101
100011100001000011
100011110000000011
100100000000011111
100100000000101111
100100000000110111
100100000000111011
100100000000111101
100100000001001111
100100000001010111
100100000001011011
100100000001011101
100100000001011110
100100000001100111
100100000001101011
100100000001101101
100100000001101110
100100000001110011
100100000001110101
100100000001110110
100100000001111001
100100000001111010
100100000010001111
100100000010010111
100100000010011011
100100000010011110
100100000010100111
100100000010101011
100100000010101110
100100000010110011
100100000011000111
100100000011001011
100100000011001110
100100000011010011
100100000011010110
100100000011100011
100100000011100110
100100000100001111
100100000100010111
100100000100011011
100100000100011110
100100000100100111
100100000100101011
100100000100110011
100100000101000111
100100000101001011
100100000101001101
100100000101001110
100100000101010011
100100000101010110
100100000101011010
100100000101100011
100100000101100110
100100000101101010
100100000110000111
100100000110001011
100100000110010011
100100000110100011
100100000111000011
100100001000001111
100100001000010111
100100001000011011
100100001000011110
100100001000100111
100100001000101011
100100001000101110
100100001000110011
100100001001000111
100100001001001011
100100001001001110
100100001001010011
100100001001100011
100100001100000111
100100001100001011
100100001100010011
100100001100100011
100100001101000011
100100010000001111
100100010000010111
100100010000011011
100100010000011110
100100010000100111
100100010000101011
100100010000110011
100100010001000111
100100010001001011
100100010001001110
100100010001010011
100100010001100011
100100010100000111
100100010100001011
100100010101000011
100100010101000110
100100100000001111
100100100000010111
100100100000011011
100100100000100111
100100100000101011
100100100001000111
100100100001001011
100100100001010011
100100100001100011
100100100010010011
100100100010100011
100100100100001011
100100100101000011
100101000000001111
100101000000010111
100101000000011011
100101000000100111
100101000000101011
100101000001000111
100101000001001011
100101000001001101
100101000001001110
100101000001010011
100101000001011010
100101000001100011
100101000100000111
100101000100001011
100101000100010011
100101000100100011
100101000101000011
100101001000000111
100101001000001011
100101001001000011
100101010000001011
100101010000001110
100101010001000011
100110000000001111
100110000000010111
100110000000011011
100110000000011101
100110000000011110
100110000000100111
100110000000101011
100110000000101101
100110000000101110
100110000000110011
100110000000110101
100110000001000111
100110000001001011
100110000001010011
100110000001010110
100110000001011001
100110000001100011
100110000001100110
100110000001101001
100110000001110001
100110000010010011
100110000010100011
100110000100000111
100110000100001011
100110000100001101
100110000100010011
100110000100100011
100110000101000011
100110000101000110
100110000101001001
100110001000010011
100110001000100011
100111000000000111
100111000000001011
100111000000001110
100111000001000011
101000000000011111
101000000000101111
101000000000110111
101000000000111011
101000000000111101
101000000001001111
101000000001010111
101000000001011011
101000000001011101
101000000001011110
101000000001100111
101000000001101011
101000000001101101
101000000001101110
101000000001110011
101000000001110101
101000000001110110
101000000001111001
101000000001111010
101000000010001111
101000000010010111
101000000010011011
101000000010100111
101000000010101011
101000000010101110
101000000010110011
101000000011000111
101000000011001011
101000000011001101
101000000011001110
101000000011010011
101000000011010110
101000000011011010
101000000011100011
101000000011100110
101000000011101010
101000000100001111
101000000100010111
101000000100011011
101000000100011110
101000000100100111
101000000100101011
101000000100101110
101000000100110011
101000000101000111
101000000101001011
101000000101001110
101000000101010011
101000000101010110
101000000101100011
101000000101100110
101000000110000111
101000000110001011
101000000110010011
101000000110100011
101000000111000011
101000001000001111
101000001000010111
101000001000011011
101000001000011110
101000001000100111
101000001000101011
101000001000101110
101000001000110011
101000001001000111
101000001001001011
101000001001001110
101000001001010011
101000001001100011
101000001010000111
101000001010001011
101000001010010011
101000001010100011
101000001011000011
101000010000001111
101000010000010111
101000010000011011
101000010000100111
101000010000101011
101000010000101110
101000010000110011
101000010001000111
101000010001001011
101000010001001110
101000010001010011
101000010001100011
101000010010000111
101000010010001011
101000010011000011
101000010011000110
101000100000001111
101000100000010111
101000100000011011
101000100000100111
101000100000101011
101000100001000111
101000100001001011
101000100001001101
101000100001001110
101000100001010011
101000100001100011
101000100001101010
101000100010000111
101000100010001011
101000100010010011
101000100010100011
101000100011000011
101000101000000111
101000101000001011
101000101001000011
101000110000001011
101000110000001110
101000110001000011
101001000000001111
101001000000010111
101001000000011011
101001000000100111
101001000000101011
101001000001000111
101001000001001011
101001000001010011
101001000001100011
101001000010001011
101001000011000011
101001000100010011
101001000100100011
101010000000001111
101010000000010111
101010000000011011
101010000000011101
101010000000011110
101010000000100111
101010000000101011
101010000000101101
101010000000101110
101010000000110011
101010000000110101
101010000001000111
101010000001001011
101010000001010011
101010000001010110
101010000001011001
101010000001100011
101010000001100110
101010000001101001
101010000001110001
101010000010000111
101010000010001011
101010000010001101
101010000010010011
101010000010100011
101010000011000011
101010000011000110
101010000011001001
101010000100010011
101010000100100011
101010001000010011
101010001000100011
101010100000000111
101010100000001011
101010100000001110
101010100001000011
101100000000001111
101100000000010111
101100000000011011
101100000000100111
101100000000101011
101100000001000111
101100000001001011
101100000001001101
101100000001001110
101100000001010011
101100000001011010
101100000001100011
101100000001101010
101100000010000111
101100000010001011
101100000011000011
101100000100000111
101100000100001011
101100000101000011
101100001000000111
101100001000001011
101100001000001110
101100001001000011
101100010000000111
101100010000001011
101100010001000011
101100100000001011
101101000000001011
101110000000000111
101110000000001011
101110000000001101
101110000000010011
101110000000100011
101110000001000011
101110000001000110
101110000001001001
110000000000011111
110000000000101111
110000000000110111
110000000000111011
110000000000111101
110000000000111110
110000000001001111
110000000001010111
110000000001011011
110000000001011101
110000000001100111
110000000001101011
110000000001101101
110000000001110011
110000000001110101
110000000001110110
110000000001111001
110000000001111010
110000000010001111
110000000010010111
110000000010011011
110000000010011101
110000000010011110
110000000010100111
110000000010101011
110000000010101110
110000000010110011
110000000010110110
110000000010111010
110000000011000111
110000000011001011
110000000011010011
110000000011010101
110000000011010110
110000000011011010
110000000011100011
110000000011100101
110000000011100110
110000000011101010
110000000011110010
110000000100001111
110000000100010111
110000000100011011
110000000100011110
110000000100100111
110000000100101011
110000000100101101
110000000100101110
110000000100110011
110000000100110110
110000000100111010
110000000101000111
110000000101001011
110000000101010011
110000000101010101
110000000101010110
110000000101011010
110000000101100011
110000000101100101
110000000101100110
110000000101101010
110000000101110010
110000000110000111
110000000110001011
110000000110001110
110000000110010011
110000000110100011
110000000111000011
110000000111000101
110000000111001010
110000001000011011
110000001000101011
110000001000110011
110000001000110110
110000001010001011
110000001100001011
110000010000001111
110000010000010111
110000010000011011
110000010000100111
110000010000101011
110000010000110011
110000010001010011
110000010001100011
110000010001110001
110000010010001011
110000010100001011
110000100000001111
110000100000010111
110000100000011011
110000100000011101
110000100000011110
110000100000100111
110000100000101011
110000100000101101
110000100000101110
110000100000110011
110000100000111010
110000100001000111
110000100001010011
110000100001010101
110000100001011010
110000100001100011
110000100001100101
110000100010010011
110000100010100011
110000100100000111
110000100100001011
110000100100001101
110000100100010011
110000100100100011
110000100101000011
110001000000001111
110001000000010111
110001000000011011
110001000000011101
110001000000011110
110001000000100111
110001000000101011
110001000000101101
110001000000101110
110001000000110011
110001000000111010
110001000001000111
110001000001010011
110001000001010101
110001000001100011
110001000001100101
110001000001101010
110001000010000111
110001000010001011
110001000010001101
110001000010010011
110001000010100011
110001000011000011
110001000100010011
110001000100100011
110001100000000111
110001100000001011
110001100000001110
110001100001000011
110001100001000101
110010000000010111
110010000000011011
110010000000100111
110010000000101011
110010000000110011
110010000000110101
110010000000110110
110010000000111001
110010000000111010
110010000001010011
110010000001100011
110010000001110001
110010000010010011
110010000010010110
110010000010100011
110010000010100110
110010000100010011
110010000100010110
110010000100100011
110010000100100110
110010000110000011
110010100100000011
110011000010000011
110100000000001111
110100000000010111
110100000000011011
110100000000011110
110100000000100111
110100000000101011
110100000000101110
110100000000110011
110100000000110110
110100000001000111
110100000001001011
110100000001010011
110100000001010110
110100000001011010
110100000001100011
110100000001100110
110100000001101010
110100000010010011
110100000010100011
110100000100000111
110100000100001011
110100000100001110
110100000100010011
110100000100100011
110100000101000011
110100000101001010
110100010000010011
110100010000100011
110101000000000111
110101000000001011
110101000001000011
110110000000010011
110110000000100011
110110000100000011
111000000000001111
111000000000010111
111000000000011011
111000000000011110
111000000000100111
111000000000101011
111000000000101110
111000000000110011
111000000000110110
111000000001000111
111000000001001011
111000000001010011
111000000001010110
111000000001011010
111000000001100011
111000000001100110
111000000001101010
111000000010000111
111000000010001011
111000000010001110
111000000010010011
111000000010100011
111000000011000011
111000000011001010
111000000100010011
111000000100100011
111000010000010011
111000010000100011
111000100000000111
111000100000001011
111000100001000011
111010000000010011
111010000000100011
111010000010000011
111100000000000111
111100000000001011
111100000000001110
111100000001000011
111100000001001010
111110000000000011
