000000000001111111
000000000010111111
000000000011011111
000000000011101111
000000000011110111
000000000011111011
000000000011111101
000000000011111110
000000000100111111
000000000101011111
000000000101101111
000000000101110111
000000000101111011
000000000101111101
000000000101111110
000000000110011111
000000000110101111
000000000110110111
000000000111001111
000000000111010111
000000000111011011
000000000111100111
000000000111101011
000000000111110011
000000001000111111
000000001001011111
000000001001101111
000000001001110111
000000001001111011
000000001001111101
000000001001111110
000000001010011111
000000001010101111
000000001010110111
000000001010111011
000000001011001111
000000001011010111
000000001011011011
000000001011100111
000000001011101011
000000001011110011
000000001100011111
000000001100101111
000000001100110111
000000001100111011
000000001101001111
000000001101010111
000000001101011011
000000001101100111
000000001101101011
000000001101110011
000000001110001111
000000001111000111
000000001111001011
000000010000111111
000000010001011111
000000010001101111
000000010001110111
000000010001111011
000000010001111101
000000010001111110
000000010010011111
000000010010101111
000000010010110111
000000010010111011
000000010011001111
000000010011010111
000000010011011011
000000010011100111
000000010011101011
000000010011110011
000000010100011111
000000010100101111
000000010100110111
000000010100111011
000000010101001111
000000010101010111
000000010101011011
000000010101100111
000000010101101011
000000010101110011
000000010110001111
000000010111000111
000000010111001011
000000011000110111
000000011001110011
000000011010010111
000000011100100111
000000100000111111
000000100001011111
000000100001101111
000000100001110111
000000100001111011
000000100001111101
000000100001111110
000000100010011111
000000100010101111
000000100010110111
000000100010111011
000000100011001111
000000100011010111
000000100011011011
000000100011100111
000000100011101011
000000100011110011
000000100011110110
000000100100011111
000000100100101111
000000100101001111
000000100101010111
000000100101011011
000000100101100111
000000100101101011
000000100110100111
000000101000011111
000000101000101111
000000101001010111
000000101001011101
000000101001100111
000000101001101101
000000101100001111
000000101101000111
000000110000011111
000000110000101111
000000110001001111
000000110001010111
000000110001011011
000000110001100111
000000110001101011
000000110010010111
000000110010100111
000000110011010011
000000110100001111
000000110100010111
000000110100100111
000000110101001011
000001000000111111
000001000001011111
000001000001101111
000001000001110111
000001000001111011
000001000001111101
000001000001111110
000001000010011111
000001000010101111
000001000011001111
000001000011010111
000001000011011011
000001000011100111
000001000011101011
000001000100011111
000001000100101111
000001000100110111
000001000100111011
000001000101001111
000001000101010111
000001000101011011
000001000101100111
000001000101101011
000001000101110011
000001000101110110
000001000110010111
000001001000011111
000001001000101111
000001001001010111
000001001001011101
000001001001100111
000001001001101101
000001001010001111
000001001011000111
000001010000011111
000001010000101111
000001010001001111
000001010001010111
000001010001011011
000001010001100111
000001010001101011
000001010010001111
000001010010010111
000001010010100111
000001010011001011
000001010100010111
000001010100100111
000001010101100011
000001100001001111
000001100010001111
000001100011000111
000001100100001111
000001100101000111
000001101001000111
000001110000001111
000001110001001011
000010000000111111
000010000001011111
000010000001101111
000010000001110111
000010000001111011
000010000001111101
000010000001111110
000010000010011111
000010000010101111
000010000010110111
000010000011001111
000010000011010111
000010000011011011
000010000011100111
000010000011101011
000010000011110011
000010000100011111
000010000100101111
000010000100110111
000010000101001111
000010000101010111
000010000101011011
000010000101100111
000010000101101011
000010000101110011
000010000110001111
000010000110010111
000010000110100111
000010000111000111
000010000111001011
000010001000110111
000010001001110011
000010001010010111
000010001100100111
000010001110000111
000010010000011111
000010010000101111
000010010000110111
000010010000111011
000010010000111110
000010010001010111
000010010001100111
000010010001110101
000010010001111010
000010010010011011
000010010100101011
000010100000011111
000010100000101111
000010100001010111
000010100001011011
000010100001011110
000010100001100111
000010100001101011
000010100001101110
000010100010010111
000010100010100111
000010100100001111
000010100100010111
000010100101000111
000010100101001011
000011000000011111
000011000000101111
000011000001010111
000011000001011011
000011000001011110
000011000001100111
000011000001101011
000011000001101110
000011000010001111
000011000010100111
000011000011000111
000011000011001011
000011000100010111
000011000100100111
000011100000001111
000011100001000111
000011110000001011
000100000000111111
000100000001011111
000100000001101111
000100000001110111
000100000001111011
000100000001111101
000100000001111110
000100000010011111
000100000010101111
000100000010110111
000100000010111011
000100000011010111
000100000011100111
000100000011110011
000100000011110101
000100000100011111
000100000100101111
000100000100110111
000100000101001111
000100000101010111
000100000101011011
000100000101100111
000100000101101011
000100000101110011
000100001000011111
000100001000101111
000100001001001111
000100001001010111
000100001001011011
000100001001011110
000100001001100111
000100001001101011
000100001001101110
000100001101000111
000100001101001011
000100010000011111
000100010000101111
000100010000110111
000100010001001111
000100010001010111
000100010001011011
000100010001100111
000100010001110011
000100010100001111
000100010101000111
000100100000110111
000100100001001111
000100100001010111
000100100001100111
000100100001110011
000101000000101111
000101000001001111
000101000001010111
000101000001100111
000101010000001111
000101010001000111
000110000000011111
000110000000101111
000110000000110111
000110000001010111
000110000001011011
000110000001011101
000110000001100111
000110000001101101
000110000001110011
000110000100001111
000110000101000111
001000000000111111
001000000001011111
001000000001101111
001000000001110111
001000000001111011
001000000001111101
001000000001111110
001000000010011111
001000000010101111
001000000010110111
001000000011001111
001000000011010111
001000000011011011
001000000011100111
001000000011101011
001000000011110011
001000000100011111
001000000100101111
001000000100110111
001000000100111011
001000000101010111
001000000101100111
001000000101110011
001000000101110101
001000001000011111
001000001000101111
001000001001001111
001000001001010111
001000001001011011
001000001001011110
001000001001100111
001000001001101011
001000001001101110
001000001011000111
001000001011001011
001000010000011111
001000010000101111
001000010000110111
001000010001001111
001000010001010111
001000010001100111
001000010001101011
001000010001110011
001000010010001111
001000010011000111
001000100000011111
001000100001001111
001000100001010111
001000100001100111
001000110000001111
001000110001000111
001001000000110111
001001000001001111
001001000001010111
001001000001100111
001001000001110011
001010000000011111
001010000000101111
001010000000110111
001010000001010111
001010000001011101
001010000001100111
001010000001101011
001010000001101101
001010000001110011
001010000010001111
001010000011000111
001100000001001111
001100000001010111
001100000001100111
001100000011000111
001100000101000111
001100001001001011
001100010000001111
001110000000001111
001110000001000111
010000000000111111
010000000001011111
010000000001101111
010000000001110111
010000000001111011
010000000001111101
010000000001111110
010000000010011111
010000000010101111
010000000010110111
010000000010111011
010000000011001111
010000000011010111
010000000011011011
010000000011100111
010000000011101011
010000000011110011
010000000100011111
010000000100101111
010000000100110111
010000000100111011
010000000101001111
010000000101010111
010000000101011011
010000000101100111
010000000101101011
010000000101110011
010000000110001111
010000000110010111
010000000110011011
010000000110100111
010000000110101011
010000000111000111
010000000111001011
010000001000110111
010000001000111011
010000001010011011
010000001010101011
010000001100011011
010000001100101011
010000010000011111
010000010000101111
010000010000110111
010000010000111101
010000010001110011
010000010001111001
010000010110000111
010000100000011111
010000100000101111
010000100001010111
010000100001100111
010000100100001111
010000100101000111
010001000000011111
010001000000101111
010001000001010111
010001000001100111
010001000010001111
010001000011000111
010001100000001111
010001100001000111
010010000000110111
010010000000111011
010010000000111101
010010000001110011
010010000001110110
010010000001111001
010010000010010111
010010000010100111
010010000011010011
010010000011100011
010010000100010111
010010000100100111
010010000101010011
010010000101100011
010010000110000111
010010000111000011
010010100000010111
010011000000100111
010100000000011111
010100000000101111
010100000000110111
010100000001010111
010100000001011011
010100000001100111
010100000001101011
010100000100001111
010100000100010111
010100000101000111
010100000101001011
010101000000001111
010110000000010111
010110000100000111
011000000000011111
011000000000101111
011000000000110111
011000000001010111
011000000001011011
011000000001100111
011000000001101011
011000000010001111
011000000010100111
011000000011000111
011000000011001011
011000100000001111
011010000000100111
011010000010000111
011100000000001111
100000000000111111
100000000001011111
100000000001101111
100000000001110111
100000000001111011
100000000001111101
100000000001111110
100000000010011111
100000000010101111
100000000010110111
100000000010111011
100000000011001111
100000000011010111
100000000011011011
100000000011011110
100000000011100111
100000000011101011
100000000011101110
100000000011110011
100000000100011111
100000000100101111
100000000100110111
100000000100111011
100000000101001111
100000000101010111
100000000101011011
100000000101011110
100000000101100111
100000000101101011
100000000101101110
100000000101110011
100000000110001111
100000000110010111
100000000110011011
100000000110100111
100000000110101011
100000000111001011
100000000111010011
100000000111100011
100000001000110111
100000001000111011
100000001010011011
100000001100101011
100000010000110111
100000010001110011
100000100000011111
100000100000101111
100000100001010111
100000100001011011
100000100001011101
100000100001100111
100000100001101011
100000100001101101
100000100100001111
100000100101001011
100001000000011111
100001000000101111
100001000001010111
100001000001011011
100001000001011101
100001000001100111
100001000001101011
100001000001101101
100001000010001111
100001000011001011
100001100001001011
100010000000110111
100010000000111011
100010000000111101
100010000001110011
100010000001110110
100010000001111001
100010000010010111
100010000010100111
100010000011010011
100010000011100011
100010000100010111
100010000100100111
100010000101010011
100010000101100011
100010000110000111
100010000111000011
100100000000011111
100100000000101111
100100000001001111
100100000001011011
100100000001011110
100100000001101011
100100000001101110
100100000100001111
100100000101001011
100101000000001111
100110000000010111
100110000001010011
100110000100000111
101000000000011111
101000000000101111
101000000001001111
101000000001011011
101000000001011110
101000000001101011
101000000001101110
101000000010001111
101000000011001011
101000100000001111
101010000000100111
101010000001100011
101010000010000111
101100000000001111
101100000001001011
110000000000111011
110000000000111110
110000000001110011
110000000001110101
110000000001111010
110000000010011011
110000000010101011
110000000100011011
110000000100101011
110000000110001011
110100000000011011
111000000000101011
