000000000001111111
000000000010111111
000000000011011111
000000000011101111
000000000011110111
000000000011111011
000000000011111101
000000000011111110
000000000100111111
000000000101011111
000000000101101111
000000000101110111
000000000101111011
000000000101111101
000000000101111110
000000000110011111
000000000110101111
000000000110110111
000000000110111011
000000000111001111
000000000111010111
000000000111011011
000000000111100111
000000000111101011
000000000111110011
000000001000111111
000000001001011111
000000001001101111
000000001001110111
000000001001111011
000000001001111101
000000001001111110
000000001010011111
000000001010101111
000000001010110111
000000001010111011
000000001011001111
000000001011010111
000000001011011011
000000001011011110
000000001011100111
000000001011101011
000000001011101110
000000001011110011
000000001100011111
000000001100101111
000000001100110111
000000001100111011
000000001101001111
000000001101010111
000000001101011011
000000001101011110
000000001101100111
000000001101101011
000000001101101110
000000001101110011
000000001110001111
000000001110010111
000000001110011011
000000001110100111
000000001110101011
000000001111000111
000000001111001011
000000001111010011
000000001111100011
000000010000111111
000000010001011111
000000010001101111
000000010001110111
000000010001111011
000000010001111101
000000010001111110
000000010010011111
000000010010101111
000000010010110111
000000010010111011
000000010011001111
000000010011010111
000000010011011011
000000010011100111
000000010011101011
000000010011110011
000000010100011111
000000010100101111
000000010100110111
000000010100111011
000000010101001111
000000010101010111
000000010101011011
000000010101100111
000000010101101011
000000010101110011
000000010110001111
000000010110010111
000000010110100111
000000010111000111
000000010111001011
000000010111010011
000000010111100011
000000011000011111
000000011000101111
000000011000110111
000000011000111011
000000011000111101
000000011001001111
000000011001010111
000000011001011011
000000011001100111
000000011001101011
000000011001110011
000000011010010111
000000011010100111
000000011011000111
000000011100010111
000000011100100111
000000011101000111
000000100000111111
000000100001011111
000000100001101111
000000100001110111
000000100001111011
000000100001111101
000000100001111110
000000100010011111
000000100010101111
000000100010110111
000000100010111011
000000100010111101
000000100011001111
000000100011010111
000000100011011011
000000100011100111
000000100011101011
000000100011110011
000000100011110110
000000100100011111
000000100100101111
000000100100110111
000000100100111011
000000100101001111
000000100101010111
000000100101011011
000000100101100111
000000100101101011
000000100101110011
000000100110001111
000000100110010111
000000100110100111
000000100110101011
000000100110110011
000000100111000111
000000100111001011
000000101000011111
000000101000101111
000000101000110111
000000101001001111
000000101001010111
000000101001011011
000000101001011101
000000101001100111
000000101001101011
000000101001101101
000000101001110011
000000101011000111
000000101011010011
000000101100001111
000000101100010111
000000101101000111
000000101101001011
000000110000011111
000000110000101111
000000110000110111
000000110000111011
000000110001001111
000000110001010111
000000110001011011
000000110001011110
000000110001100111
000000110001101011
000000110001110011
000000110010001111
000000110010010111
000000110010011011
000000110010100111
000000110010101011
000000110010110011
000000110011001011
000000110011010011
000000110011100011
000000110100001111
000000110100010111
000000110100011011
000000110100100111
000000110100101011
000000110101000111
000000110101001011
000000110101010011
000000110101100011
000000111000001111
000000111000010111
000000111000011011
000000111000100111
000000111001010011
000000111001100011
000001000000111111
000001000001011111
000001000001101111
000001000001110111
000001000001111011
000001000001111101
000001000001111110
000001000010011111
000001000010101111
000001000010110111
000001000010111011
000001000011001111
000001000011010111
000001000011011011
000001000011100111
000001000011101011
000001000011110011
000001000100011111
000001000100101111
000001000100110111
000001000100111011
000001000100111101
000001000101001111
000001000101010111
000001000101011011
000001000101100111
000001000101101011
000001000101110011
000001000101110110
000001000110001111
000001000110010111
000001000110011011
000001000110100111
000001000110110011
000001000111000111
000001000111001011
000001001000011111
000001001000101111
000001001000110111
000001001001001111
000001001001010111
000001001001011011
000001001001011101
000001001001100111
000001001001101011
000001001001101101
000001001001110011
000001001010001111
000001001010100111
000001001011000111
000001001011001011
000001001101000111
000001001101100011
000001010000011111
000001010000101111
000001010000110111
000001010000111011
000001010001001111
000001010001010111
000001010001011011
000001010001100111
000001010001101011
000001010001101110
000001010001110011
000001010010001111
000001010010010111
000001010010011011
000001010010100111
000001010010101011
000001010011000111
000001010011001011
000001010011010011
000001010011100011
000001010100001111
000001010100010111
000001010100011011
000001010100100111
000001010100101011
000001010100110011
000001010101001011
000001010101010011
000001010101100011
000001011000001111
000001011000010111
000001011000100111
000001011000101011
000001011001010011
000001011001100011
000001100000011111
000001100000101111
000001100001001111
000001100001010111
000001100001011011
000001100001100111
000001100001101011
000001100010001111
000001100010100111
000001100011000111
000001100011001011
000001100011100011
000001100100001111
000001100100010111
000001100101000111
000001100101001011
000001100101010011
000001101001000111
000001101001001011
000001110000001111
000001110001001011
000001111000000111
000001111001000011
000010000000111111
000010000001011111
000010000001101111
000010000001110111
000010000001111011
000010000001111101
000010000001111110
000010000010011111
000010000010101111
000010000010110111
000010000010111011
000010000011001111
000010000011010111
000010000011011011
000010000011011101
000010000011100111
000010000011101011
000010000011101101
000010000011110011
000010000100011111
000010000100101111
000010000100110111
000010000100111011
000010000101001111
000010000101010111
000010000101011011
000010000101011101
000010000101100111
000010000101101011
000010000101101101
000010000101110011
000010000110001111
000010000110010111
000010000110100111
000010000111000111
000010000111001011
000010000111010011
000010000111100011
000010001000011111
000010001000101111
000010001000110111
000010001000111011
000010001000111101
000010001001001111
000010001001010111
000010001001011011
000010001001100111
000010001001101011
000010001001110011
000010001010010111
000010001010011011
000010001010100111
000010001011000111
000010001011010011
000010001011100011
000010001100010111
000010001100100111
000010001100101011
000010001101000111
000010001101010011
000010001101100011
000010001110000111
000010001111000011
000010010000011111
000010010000101111
000010010000110111
000010010000111011
000010010000111110
000010010001010111
000010010001100111
000010010001110011
000010010001110101
000010010001111010
000010010010010111
000010010010011011
000010010010100111
000010010010101011
000010010010110011
000010010011000111
000010010100010111
000010010100011011
000010010100100111
000010010100101011
000010010100110011
000010010101000111
000010010110001011
000010011000110011
000010100000011111
000010100000101111
000010100000110111
000010100000111011
000010100001001111
000010100001010111
000010100001011011
000010100001011110
000010100001100111
000010100001101011
000010100001101110
000010100001110011
000010100010001111
000010100010010111
000010100010100111
000010100011010011
000010100011100011
000010100100001111
000010100100010111
000010100100100111
000010100101000111
000010100101001011
000010100101010011
000010100101100011
000010101000010111
000010101000100111
000010110000010111
000010110000011011
000010110000100111
000010110000101011
000010110001001011
000010110001010011
000010110100000111
000011000000011111
000011000000101111
000011000000110111
000011000000111011
000011000001001111
000011000001010111
000011000001011011
000011000001011110
000011000001100111
000011000001101011
000011000001101110
000011000001110011
000011000010001111
000011000010010111
000011000010100111
000011000011000111
000011000011001011
000011000011010011
000011000011100011
000011000100001111
000011000100010111
000011000100100111
000011000101010011
000011000101100011
000011001000010111
000011001000100111
000011010000010111
000011010000011011
000011010000100111
000011010000101011
000011010001001011
000011010001100011
000011010010000111
000011100000001111
000011100001000111
000011100001001011
000011101000000111
000011110000001011
000100000000111111
000100000001011111
000100000001101111
000100000001110111
000100000001111011
000100000001111101
000100000001111110
000100000010011111
000100000010101111
000100000010110111
000100000010111011
000100000010111110
000100000011001111
000100000011010111
000100000011011011
000100000011100111
000100000011101011
000100000011110011
000100000011110101
000100000011111010
000100000100011111
000100000100101111
000100000100110111
000100000100111011
000100000101001111
000100000101010111
000100000101011011
000100000101100111
000100000101101011
000100000101110011
000100000110001111
000100000110010111
000100000110011011
000100000110100111
000100000110101011
000100000111000111
000100000111001011
000100001000011111
000100001000101111
000100001000110111
000100001000111011
000100001001001111
000100001001010111
000100001001011011
000100001001011110
000100001001100111
000100001001101011
000100001001101110
000100001001110011
000100001010010111
000100001010100111
000100001100001111
000100001100010111
000100001100100111
000100001101000111
000100001101001011
000100010000011111
000100010000101111
000100010000110111
000100010000111011
000100010001001111
000100010001010111
000100010001011011
000100010001100111
000100010001101011
000100010001110011
000100010100001111
000100010100100111
000100010101000111
000100010101001011
000100011000010111
000100011100000111
000100100000011111
000100100000101111
000100100000110111
000100100000111011
000100100000111101
000100100001001111
000100100001010111
000100100001011011
000100100001100111
000100100001101011
000100100001110011
000100100010010111
000100100010011011
000100100100001111
000100100101001011
000100110000001111
000100110000010111
000100110000100111
000101000000011111
000101000000101111
000101000001001111
000101000001010111
000101000001011011
000101000001100111
000101000001101011
000101000100001111
000101000100010111
000101000100100111
000101000101001011
000101001000001111
000101001001000111
000101001001001011
000101010000001111
000101010000010111
000101010000100111
000101010001000111
000101010001001011
000101100001000111
000101100001001011
000110000000011111
000110000000101111
000110000000110111
000110000000111011
000110000001001111
000110000001010111
000110000001011011
000110000001011101
000110000001100111
000110000001101011
000110000001101101
000110000001110011
000110000100001111
000110000100010111
000110000100100111
000110000101000111
000110000101001011
000110000101100011
000110001001010011
000110001001100011
000110001100000111
000110001101000011
000110010000010111
000110010000011011
000110010000100111
000110010000101011
000110010100001011
000110100000010111
000111000000001111
000111000001000111
000111000001001011
000111010000000111
001000000000111111
001000000001011111
001000000001101111
001000000001110111
001000000001111011
001000000001111101
001000000001111110
001000000010011111
001000000010101111
001000000010110111
001000000010111011
001000000011001111
001000000011010111
001000000011011011
001000000011100111
001000000011101011
001000000011110011
001000000100011111
001000000100101111
001000000100110111
001000000100111011
001000000100111110
001000000101001111
001000000101010111
001000000101011011
001000000101100111
001000000101101011
001000000101110011
001000000101110101
001000000101111010
001000000110001111
001000000110010111
001000000110011011
001000000110100111
001000000110101011
001000000111000111
001000000111001011
001000001000011111
001000001000101111
001000001000110111
001000001000111011
001000001001001111
001000001001010111
001000001001011011
001000001001011110
001000001001100111
001000001001101011
001000001001101110
001000001001110011
001000001010001111
001000001010010111
001000001010100111
001000001011000111
001000001011001011
001000001100010111
001000001100100111
001000010000011111
001000010000101111
001000010000110111
001000010000111011
001000010001001111
001000010001010111
001000010001011011
001000010001100111
001000010001101011
001000010001110011
001000010010001111
001000010010010111
001000010011000111
001000010011001011
001000011000100111
001000011010000111
001000100000011111
001000100000101111
001000100001001111
001000100001010111
001000100001011011
001000100001100111
001000100001101011
001000100010001111
001000100010010111
001000100010100111
001000100011001011
001000101000001111
001000101001000111
001000101001001011
001000110000001111
001000110000010111
001000110000100111
001000110001000111
001000110001001011
001001000000011111
001001000000101111
001001000000110111
001001000000111011
001001000000111101
001001000001001111
001001000001010111
001001000001011011
001001000001100111
001001000001101011
001001000001110011
001001000010001111
001001000011001011
001001000100100111
001001000100101011
001001010000001111
001001010000010111
001001010000100111
001001100001000111
001001100001001011
001010000000011111
001010000000101111
001010000000110111
001010000000111011
001010000001001111
001010000001010111
001010000001011011
001010000001011101
001010000001100111
001010000001101011
001010000001101101
001010000001110011
001010000010001111
001010000010010111
001010000010100111
001010000011000111
001010000011001011
001010000011010011
001010001001010011
001010001001100011
001010001010000111
001010001011000011
001010010000010111
001010010000011011
001010010000100111
001010010000101011
001010010010001011
001010100000001111
001010100001000111
001010100001001011
001010110000000111
001011000000100111
001100000000011111
001100000000101111
001100000001001111
001100000001010111
001100000001011011
001100000001100111
001100000001101011
001100000001110011
001100000010001111
001100000011000111
001100000100001111
001100000101000111
001100001000001111
001100001001000111
001100001001001011
001100010000001111
001100010001001011
001110000000001111
001110000001000111
010000000000111111
010000000001011111
010000000001101111
010000000001110111
010000000001111011
010000000001111101
010000000001111110
010000000010011111
010000000010101111
010000000010110111
010000000010111011
010000000011001111
010000000011010111
010000000011011011
010000000011011110
010000000011100111
010000000011101011
010000000011101110
010000000011110011
010000000100011111
010000000100101111
010000000100110111
010000000100111011
010000000101001111
010000000101010111
010000000101011011
010000000101011110
010000000101100111
010000000101101011
010000000101101110
010000000101110011
010000000110001111
010000000110010111
010000000110011011
010000000110100111
010000000110101011
010000000111000111
010000000111001011
010000000111010011
010000000111100011
010000001000011111
010000001000101111
010000001000110111
010000001000111011
010000001000111110
010000001001001111
010000001001010111
010000001001011011
010000001001100111
010000001001101011
010000001001110011
010000001001111010
010000001010001111
010000001010010111
010000001010011011
010000001010100111
010000001010101011
010000001010110011
010000001100001111
010000001100010111
010000001100011011
010000001100100111
010000001100101011
010000001100110011
010000001110001011
010000010000011111
010000010000101111
010000010000110111
010000010000111011
010000010000111101
010000010001010111
010000010001100111
010000010001110011
010000010001110110
010000010001111001
010000010010001111
010000010010010111
010000010010100111
010000010011010011
010000010011100011
010000010100001111
010000010100010111
010000010100100111
010000010101010011
010000010101100011
010000010110000111
010000010111000011
010000100000011111
010000100000101111
010000100000110111
010000100000111011
010000100001001111
010000100001010111
010000100001011011
010000100001011101
010000100001100111
010000100001101011
010000100001101101
010000100001110011
010000100010010111
010000100010100111
010000100011000111
010000100100001111
010000100100010111
010000100100100111
010000100100101011
010000100101000111
010000100101001011
010000101000010111
010000101000100111
010000101001000111
010000101001010011
010000101100000111
010000110000010111
010000110000011011
010000110000100111
010000110001010011
010000110001100011
010001000000011111
010001000000101111
010001000000110111
010001000000111011
010001000001001111
010001000001010111
010001000001011011
010001000001011101
010001000001100111
010001000001101011
010001000001101101
010001000001110011
010001000010001111
010001000010010111
010001000010011011
010001000010100111
010001000011000111
010001000011001011
010001000100010111
010001000100100111
010001000101000111
010001001000010111
010001001000100111
010001001001000111
010001001001100011
010001001010000111
010001010000010111
010001010000100111
010001010000101011
010001010001010011
010001010001100011
010001100000001111
010001100001000111
010001100001001011
010001110000000111
010001110001000011
010010000000011111
010010000000101111
010010000000110111
010010000000111011
010010000000111101
010010000001010111
010010000001100111
010010000001110011
010010000001110110
010010000001111001
010010000010001111
010010000010010111
010010000010011011
010010000010100111
010010000010101011
010010000011010011
010010000011100011
010010000100001111
010010000100010111
010010000100011011
010010000100100111
010010000100101011
010010000101010011
010010000101100011
010010000110000111
010010000111000011
010010001000110011
010010010000110011
010010100000010111
010010100000011011
010010100000100111
010010100001010011
010010100001100011
010010100100001011
010011000000010111
010011000000100111
010011000000101011
010011000001010011
010011000001100011
010011000010001011
010011100000000111
010011100001000011
010100000000011111
010100000000101111
010100000000110111
010100000000111011
010100000001001111
010100000001010111
010100000001011011
010100000001100111
010100000001101011
010100000001110011
010100000010001111
010100000010010111
010100000010100111
010100000100001111
010100000100010111
010100000100011011
010100000100100111
010100000100101011
010100000101000111
010100000101001011
010100000101010011
010100001000001111
010100001000010111
010100001000011011
010100001000100111
010100001000101011
010100001100001011
010100010000001111
010100010100000111
010101000000001111
010101000001000111
010110000000010111
010110000000011011
010110000000100111
010110000001010011
010110000001100011
010110000100000111
010110000101000011
011000000000011111
011000000000101111
011000000000110111
011000000000111011
011000000001001111
011000000001010111
011000000001011011
011000000001100111
011000000001101011
011000000001110011
011000000010001111
011000000010010111
011000000010011011
011000000010100111
011000000010101011
011000000011000111
011000000011001011
011000000011100011
011000000100001111
011000000100010111
011000000100100111
011000001000001111
011000001000010111
011000001000011011
011000001000100111
011000001000101011
011000001010001011
011000010000001111
011000010010000111
011000100000001111
011000100001000111
011010000000010111
011010000000100111
011010000000101011
011010000001010011
011010000001100011
011010000010000111
011010000011000011
011100000000001111
011100000001000111
011100000001001011
011100001000001011
011110000000000111
011110000001000011
100000000000111111
100000000001011111
100000000001101111
100000000001110111
100000000001111011
100000000001111101
100000000001111110
100000000010011111
100000000010101111
100000000010110111
100000000010111011
100000000011001111
100000000011010111
100000000011011011
100000000011011110
100000000011100111
100000000011101011
100000000011101110
100000000011110011
100000000100011111
100000000100101111
100000000100110111
100000000100111011
100000000101001111
100000000101010111
100000000101011011
100000000101011110
100000000101100111
100000000101101011
100000000101101110
100000000101110011
100000000110001111
100000000110010111
100000000110011011
100000000110100111
100000000110101011
100000000110110011
100000000111000111
100000000111001011
100000000111001110
100000000111010011
100000000111100011
100000001000011111
100000001000101111
100000001000110111
100000001000111011
100000001000111110
100000001001001111
100000001001010111
100000001001011011
100000001001100111
100000001001101011
100000001001110011
100000001001111010
100000001010001111
100000001010010111
100000001010011011
100000001010100111
100000001010101011
100000001010110011
100000001011001011
100000001100001111
100000001100010111
100000001100011011
100000001100100111
100000001100101011
100000001100110011
100000001101001011
100000001110001011
100000010000011111
100000010000101111
100000010000110111
100000010000111011
100000010000111101
100000010001001111
100000010001010111
100000010001011011
100000010001100111
100000010001101011
100000010001110011
100000010001111001
100000010010001111
100000010010010111
100000010010110011
100000010011000111
100000010011001011
100000010011010011
100000010100001111
100000010100100111
100000010100110011
100000010101000111
100000010101001011
100000010101100011
100000010110000111
100000100000011111
100000100000101111
100000100000110111
100000100000111011
100000100001001111
100000100001010111
100000100001011011
100000100001011101
100000100001100111
100000100001101011
100000100001101101
100000100001110011
100000100010110011
100000100100001111
100000100100010111
100000100100101011
100000100101000111
100000100101001011
100000101001010011
100000110000001111
100000110000010111
100000110000011011
100000110000100111
100000110001010011
100000110001100011
100001000000011111
100001000000101111
100001000000110111
100001000000111011
100001000001001111
100001000001010111
100001000001011011
100001000001011101
100001000001100111
100001000001101011
100001000001101101
100001000001110011
100001000010001111
100001000010011011
100001000010100111
100001000011000111
100001000011001011
100001000100110011
100001001001100011
100001010000001111
100001010000010111
100001010000100111
100001010000101011
100001010001010011
100001010001100011
100001100000001111
100001100001000111
100001100001001011
100001110000000111
100010000000011111
100010000000101111
100010000000110111
100010000000111011
100010000000111101
100010000001001111
100010000001010111
100010000001011011
100010000001100111
100010000001101011
100010000001110011
100010000001110110
100010000001111001
100010000010001111
100010000010010111
100010000010011011
100010000010100111
100010000010101011
100010000010110011
100010000011000111
100010000011010011
100010000011100011
100010000100001111
100010000100010111
100010000100011011
100010000100100111
100010000100101011
100010000100110011
100010000101000111
100010000101010011
100010000101100011
100010000110000111
100010000111000011
100010001000110011
100010100000010111
100010100000011011
100010100000100111
100010100000101011
100010100100001011
100011000000010111
100011000000011011
100011000000100111
100011000000101011
100011000010001011
100011100000000111
100100000000011111
100100000000101111
100100000000110111
100100000000111011
100100000001001111
100100000001010111
100100000001011011
100100000001011110
100100000001100111
100100000001101011
100100000001101110
100100000001110011
100100000010010111
100100000010011011
100100000010100111
100100000011001011
100100000011010011
100100000011100011
100100000100001111
100100000100010111
100100000100011011
100100000100100111
100100000100101011
100100000101000111
100100000101001011
100100000101010011
100100000101100011
100100001000011011
100100001000101011
100101000000001111
100101000001001011
100110000000010111
100110000000011011
100110000000100111
100110000000101011
100110000001010011
100110000001100011
100110000100000111
100110000101000011
100111000000001011
101000000000011111
101000000000101111
101000000000110111
101000000000111011
101000000001001111
101000000001010111
101000000001011011
101000000001011110
101000000001100111
101000000001101011
101000000001101110
101000000001110011
101000000010001111
101000000010010111
101000000010011011
101000000010100111
101000000010101011
101000000011000111
101000000011001011
101000000011010011
101000000011100011
101000000100010111
101000000100100111
101000000100101011
101000000101001011
101000000101010011
101000000101100011
101000001000011011
101000001000101011
101000100000001111
101000100001001011
101010000000010111
101010000000011011
101010000000100111
101010000000101011
101010000001010011
101010000001100011
101010000010000111
101010000011000011
101010100000001011
101100000000001111
101100000001001011
101100001000001011
101110000000000111
101110000001000011
110000000000011111
110000000000101111
110000000000110111
110000000000111011
110000000000111110
110000000001010111
110000000001011011
110000000001100111
110000000001101011
110000000001110011
110000000001110101
110000000001111010
110000000010001111
110000000010010111
110000000010011011
110000000010100111
110000000010101011
110000000010110011
110000000011010011
110000000011100011
110000000100001111
110000000100010111
110000000100011011
110000000100100111
110000000100101011
110000000100110011
110000000101010011
110000000101100011
110000000110001011
110000100000010111
110000100001010011
110000100001100011
110000100100000111
110001000000100111
110001000001010011
110001000001100011
110001000010000111
110010000000110011
110100000000010111
110100000000011011
110100000000100111
110100000000101011
110100000001010011
110100000001100011
110100000100001011
111000000000010111
111000000000011011
111000000000100111
111000000000101011
111000000001010011
111000000001100011
111000000010001011
111100000000001011
