000000000000000000011111
000000000000000000101111
000000000000000000110111
000000000000000000111011
000000000000000000111101
000000000000000001001111
000000000000000001010111
000000000000000001011011
000000000000000001011101
000000000000000001110011
000000000000000001111001
000000000000000010001111
000000000000000010010111
000000000000000010011011
000000000000000010011101
000000000000000010110011
000000000000000011010101
000000000000000100001111
000000000000000100010111
000000000000000100011011
000000000000000100011101
000000000000000100110101
000000000000000101010011
000000000000000101011001
000000000000000110010011
000000000000000110011001
000000000000001000001111
000000000000001000010111
000000000000001000011011
000000000000001000011101
000000000000001000110101
000000000000001001010011
000000000000001001011001
000000000000001010010011
000000000000001100010011
000000000000001100010101
000000000000010000001111
000000000000010000010111
000000000000010000011011
000000000000010000011101
000000000000010000011110
000000000000010000100111
000000000000010000101101
000000000000010001001011
000000000000010010000111
000000000000010010001011
000000000000010100000111
000000000000010100001011
000000000000010100001101
000000000000011000000111
000000000000011000100101
000000000000011001000011
000000000000011010000011
000000000000100000001111
000000000000100000010111
000000000000100000011011
000000000000100000011101
000000000000100000110011
000000000000100000111001
000000000000100010010011
000000000000100010010101
000000000000100100010011
000000000000100100011001
000000000000101000010011
000000000000110000001011
000000000000111000000011
000000000001000000001111
000000000001000000010111
000000000001000000011011
000000000001000000011101
000000000001000000110101
000000000001000001010011
000000000001000001011001
000000000001000010010011
000000000001000010011001
000000000001000100010101
000000000001001000010101
000000000001010000000111
000000000001010000001101
000000000001100000010011
000000000001100000011001
000000000010000000001111
000000000010000000010111
000000000010000000011011
000000000010000000011101
000000000010000000101011
000000000010000001000111
000000000010000001001101
000000000010000010000111
000000000010000010001011
000000000010000010001101
000000000010000100001011
000000000010001000001011
000000000010100000000111
000000000010100000001101
000000000011000000001011
000000000100000000001111
000000000100000000010111
000000000100000000011011
000000000100000000011101
000000000100000000100111
000000000100000001001011
000000000100000010001011
000000000100000100000111
000000000100000100001101
000000000100001000001101
000000000100010000010101
000000000100100000001011
000000000101000000000111
000000000101000000001101
000000000110000000010011
000000001000000000001111
000000001000000000010111
000000001000000000011011
000000001000000000011101
000000001000000000110101
000000001000000001010011
000000001000000001011001
000000001000000010010011
000000001000000010011001
000000001000000100010101
000000001000001000010101
000000001000010000000111
000000001000010000001101
000000001000100000010011
000000001000100000011001
000000001001000000010101
000000001010000000001011
000000001100000000000111
000000001100000000001101
000000010000000000001111
000000010000000000010111
000000010000000000011011
000000010000000000011101
000000010000000001010101
000000010000000010010101
000000010000000100010011
000000010000000100011001
000000010000001000011001
000000010001000000011001
000000011000000000010011
000000100000000000001111
000000100000000000010111
000000100000000000011011
000000100000000000011101
000000100000000000110011
000000100000000001010101
000000100000000010010101
000000100000000100011001
000000100000001000010011
000000100000010000001011
000000100000100000010101
000000100001000000010011
000000100001000000011001
000000100010000000000111
000000100010000000001101
000000100100000000001011
000000101000000000010011
000000101000000000011001
000001000000000000001111
000001000000000000010111
000001000000000000011011
000001000000000000011101
000001000000000001011001
000001000000000010010011
000001000000000010011001
000001000000000100010101
000001000000001000010101
000001000000010000000111
000001000000010000001101
000001000000100000010011
000001000000100000011001
000001000010000000001011
000001000100000000000111
000001000100000000001101
000001001000000000010101
000001100000000000011001
000010000000000000001111
000010000000000000010111
000010000000000000011011
000010000000000000011101
000010000000000000100111
000010000000000000101101
000010000000000010001011
000010000000000100000111
000010000000000100001101
000010000000001000001101
000010000000010000010101
000010000000100000001011
000010000001000000000111
000010000001000000001101
000010000010000000010011
000010000010000000011001
000010001000000000000111
000010100000000000001011
000011000000000000000111
000100000000000000001111
000100000000000000010111
000100000000000000011011
000100000000000000011101
000100000000000001000111
000100000000000001001101
000100000000000010000111
000100000000000010001101
000100000000000100001011
000100000000001000001011
000100000000010000010011
000100000000010000011001
000100000000100000001101
000100000001000000001011
000100000010000000010101
000100000100000000010011
000100001000000000001011
000100100000000000000111
000101000000000000001011
000110000000000000010011
001000000000000000001111
001000000000000000010111
001000000000000000011011
001000000000000000011101
001000000000000000110101
001000000000000001010011
001000000000000001011001
001000000000000010010011
001000000000000100010101
001000000000001000010101
001000000000100000010011
001000000000100000011001
001000000100000000000111
001000010000000000011001
001000100000000000010011
001010000000000000000111
001100000000000000001011
010000000000000000001111
010000000000000000010111
010000000000000000011011
010000000000000000011101
010000000000000001010011
010000000000000001011001
010000000000000010010011
010000000000000010011001
010000000000000100010101
010000000000001000010101
010000000000010000000111
010000000000010000001101
010000000000100000010011
010000000010000000001011
010000000100000000000111
010000001000000000010101
010000010000000000010011
010000100000000000010011
010001000000000000010101
010010000000000000000111
010100000000000000001011
100000000000000000001111
100000000000000000010111
100000000000000000011011
100000000000000000011101
100000000000000000111001
100000000000000001010101
100000000000000010010101
100000000000000100010011
100000000000000100011001
100000000000001000011001
100000000000010000001011
100000000000100000010101
100000000001000000010011
100000000010000000000111
100000000100000000001011
100001000000000000010011
100001000000000000011001
100010000000000000001011
100100000000000000000111
101000000000000000010011
110000000000000000010011
