000000000000000000011111
000000000000000000101111
000000000000000000110111
000000000000000000111011
000000000000000000111101
000000000000000000111110
000000000000000001001111
000000000000000001010111
000000000000000001011011
000000000000000001011101
000000000000000001011110
000000000000000001100111
000000000000000001101011
000000000000000001101101
000000000000000001110011
000000000000000001110101
000000000000000001111001
000000000000000001111010
000000000000000010001111
000000000000000010010111
000000000000000010011011
000000000000000010011101
000000000000000010011110
000000000000000010100111
000000000000000010101011
000000000000000010101101
000000000000000010110011
000000000000000010110101
000000000000000010111001
000000000000000010111010
000000000000000011000111
000000000000000011001011
000000000000000011001101
000000000000000011010011
000000000000000011010101
000000000000000011010110
000000000000000011011001
000000000000000011110001
000000000000000100001111
000000000000000100010111
000000000000000100011011
000000000000000100011101
000000000000000100011110
000000000000000100100111
000000000000000100101011
000000000000000100101101
000000000000000100110011
000000000000000100110101
000000000000000100111001
000000000000000101000111
000000000000000101001011
000000000000000101001101
000000000000000101010011
000000000000000101010101
000000000000000101011001
000000000000000110000111
000000000000000110001011
000000000000000110001101
000000000000000110010011
000000000000000110010101
000000000000000110011001
000000000000000110011010
000000000000000110110001
000000000000000111010001
000000000000001000001111
000000000000001000010111
000000000000001000011011
000000000000001000011101
000000000000001000011110
000000000000001000100111
000000000000001000101011
000000000000001000101101
000000000000001000110011
000000000000001000110101
000000000000001000110110
000000000000001000111001
000000000000001000111100
000000000000001001000111
000000000000001001001011
000000000000001001010011
000000000000001001010101
000000000000001001011001
000000000000001001100011
000000000000001001110001
000000000000001010000111
000000000000001010001011
000000000000001010001101
000000000000001010010011
000000000000001010010101
000000000000001010011001
000000000000001010011010
000000000000001010100011
000000000000001010110001
000000000000001011010001
000000000000001100000111
000000000000001100001011
000000000000001100001101
000000000000001100010011
000000000000001100010101
000000000000001100010110
000000000000001100011001
000000000000001100011100
000000000000001100110001
000000000000001101000011
000000000000001101010001
000000000000001110000011
000000000000001110010001
000000000000010000001111
000000000000010000010111
000000000000010000011011
000000000000010000011101
000000000000010000011110
000000000000010000100111
000000000000010000101011
000000000000010000101101
000000000000010000101110
000000000000010000110011
000000000000010000110101
000000000000010000111001
000000000000010001000111
000000000000010001001011
000000000000010001001101
000000000000010001010011
000000000000010001010101
000000000000010001011001
000000000000010001100011
000000000000010001100101
000000000000010001101001
000000000000010010000111
000000000000010010001011
000000000000010010001101
000000000000010010010011
000000000000010010010101
000000000000010010011001
000000000000010010100011
000000000000010010100101
000000000000010010101001
000000000000010011000011
000000000000010011000101
000000000000010011001001
000000000000010100000111
000000000000010100001011
000000000000010100001101
000000000000010100001110
000000000000010100010011
000000000000010100010101
000000000000010100011001
000000000000010100100101
000000000000010100101001
000000000000010101000011
000000000000010101000101
000000000000010101001001
000000000000010110000011
000000000000010110000101
000000000000010110001001
000000000000011000000111
000000000000011000001011
000000000000011000001101
000000000000011000001110
000000000000011000010011
000000000000011000010101
000000000000011000100011
000000000000011000100101
000000000000011001000011
000000000000011001000101
000000000000011001001001
000000000000011001010001
000000000000011001100001
000000000000011010000011
000000000000011010000101
000000000000011010010001
000000000000011010100001
000000000000011100000011
000000000000011100000101
000000000000011101000001
000000000000011110000001
000000000000100000001111
000000000000100000010111
000000000000100000011011
000000000000100000011101
000000000000100000011110
000000000000100000100111
000000000000100000101011
000000000000100000101101
000000000000100000110011
000000000000100000110101
000000000000100000111001
000000000000100000111010
000000000000100001000111
000000000000100001001011
000000000000100001010011
000000000000100001010101
000000000000100001010110
000000000000100001011001
000000000000100001011100
000000000000100001110001
000000000000100010000111
000000000000100010001011
000000000000100010010011
000000000000100010010101
000000000000100010010110
000000000000100010011001
000000000000100010110001
000000000000100011010001
000000000000100100000111
000000000000100100001011
000000000000100100001101
000000000000100100010011
000000000000100100010101
000000000000100100011001
000000000000100100110001
000000000000100101010001
000000000000100110010001
000000000000101000000111
000000000000101000001011
000000000000101000001101
000000000000101000010011
000000000000101000010101
000000000000101000011001
000000000000101000011010
000000000000101000100011
000000000000101000110001
000000000000101010010001
000000000000101100000011
000000000000101100010001
000000000000110000000111
000000000000110000001011
000000000000110000001101
000000000000110000010011
000000000000110000010101
000000000000110000011001
000000000000110000100011
000000000000110000101001
000000000000110001000011
000000000000110010000011
000000000000110010001001
000000000000110100000011
000000000000110100000101
000000000000110100001001
000000000000111000000011
000000000000111000000101
000000000000111000001001
000000000000111000010001
000000000000111000100001
000000000000111100000001
000000000001000000001111
000000000001000000010111
000000000001000000011011
000000000001000000011101
000000000001000000011110
000000000001000000100111
000000000001000000101011
000000000001000000101101
000000000001000000110011
000000000001000000110101
000000000001000000111001
000000000001000001000111
000000000001000001001011
000000000001000001010011
000000000001000001010101
000000000001000001011001
000000000001000001011010
000000000001000001110001
000000000001000010000111
000000000001000010001011
000000000001000010010011
000000000001000010010101
000000000001000010011001
000000000001000010011010
000000000001000010100011
000000000001000010110001
000000000001000100000111
000000000001000100001011
000000000001000100001101
000000000001000100010011
000000000001000100010101
000000000001000100011001
000000000001000101010001
000000000001000110000011
000000000001000110010001
000000000001001000000111
000000000001001000001011
000000000001001000010011
000000000001001000010101
000000000001001000011001
000000000001001000110001
000000000001001001010001
000000000001001010000011
000000000001001010010001
000000000001001100010001
000000000001010000000111
000000000001010000001011
000000000001010000001101
000000000001010000001110
000000000001010000010011
000000000001010000010101
000000000001010000011001
000000000001010000100101
000000000001010001000011
000000000001010001001001
000000000001010001100001
000000000001010010000011
000000000001010010000101
000000000001010010001001
000000000001010010010001
000000000001010100000011
000000000001010100000101
000000000001010100001001
000000000001011000000011
000000000001011000000101
000000000001011001000001
000000000001011010000001
000000000001100000001011
000000000001100000010011
000000000001100000010101
000000000001100000011001
000000000001100000011010
000000000001100000110001
000000000001100010000011
000000000001100010010001
000000000001100100010001
000000000001101000010001
000000000001110000000011
000000000001110000001001
000000000001110000100001
000000000001110100000001
000000000001111000000001
000000000010000000001111
000000000010000000010111
000000000010000000011011
000000000010000000011101
000000000010000000100111
000000000010000000101011
000000000010000000101101
000000000010000000110011
000000000010000000111001
000000000010000001000111
000000000010000001001011
000000000010000001001101
000000000010000001001110
000000000010000001010011
000000000010000001010101
000000000010000001011001
000000000010000001101001
000000000010000010000111
000000000010000010001011
000000000010000010001101
000000000010000010001110
000000000010000010010011
000000000010000010010101
000000000010000010011001
000000000010000010100011
000000000010000010100101
000000000010000011000011
000000000010000011000101
000000000010000011001001
000000000010000100000111
000000000010000100001011
000000000010000100001101
000000000010000100010011
000000000010000100010101
000000000010000100011001
000000000010000100100011
000000000010000100101001
000000000010000101000011
000000000010000101001001
000000000010000110000011
000000000010000110000101
000000000010000110001001
000000000010000111000001
000000000010001000000111
000000000010001000001011
000000000010001000001101
000000000010001000010011
000000000010001000010101
000000000010001000011001
000000000010001000100011
000000000010001001000011
000000000010001001000101
000000000010001001010001
000000000010001010000011
000000000010001010000101
000000000010001100000011
000000000010001100001001
000000000010010000000111
000000000010010000001011
000000000010010000001101
000000000010010000010011
000000000010010000011001
000000000010010000011010
000000000010010000100011
000000000010010000101001
000000000010010001001001
000000000010010100000011
000000000010010100001001
000000000010011000000011
000000000010011000000101
000000000010100000000111
000000000010100000001011
000000000010100000001101
000000000010100000001110
000000000010100000010011
000000000010100000011001
000000000010100001000011
000000000010100010000011
000000000010100010001001
000000000010100100000011
000000000010100100001001
000000000010101000000011
000000000011000000000111
000000000011000000001011
000000000011000000001101
000000000011000000010011
000000000011000000010101
000000000011000000011001
000000000011000010000011
000000000011000010000101
000000000011000100000011
000000000011000100001001
000000000011001000000011
000000000100000000001111
000000000100000000010111
000000000100000000011011
000000000100000000011101
000000000100000000100111
000000000100000000101011
000000000100000000101101
000000000100000000101110
000000000100000000110011
000000000100000000110101
000000000100000000111001
000000000100000001000111
000000000100000001001011
000000000100000001001101
000000000100000001010011
000000000100000001010101
000000000100000001011001
000000000100000001100011
000000000100000010000111
000000000100000010001011
000000000100000010001101
000000000100000010010011
000000000100000010010101
000000000100000010011001
000000000100000010100011
000000000100000010101001
000000000100000100000111
000000000100000100001011
000000000100000100001101
000000000100000100001110
000000000100000100010011
000000000100000100010101
000000000100000100011001
000000000100000101000011
000000000100000101001001
000000000100000110000011
000000000100000110001001
000000000100001000000111
000000000100001000001011
000000000100001000001101
000000000100001000001110
000000000100001000010011
000000000100001000010101
000000000100001000100101
000000000100001001000011
000000000100001001010001
000000000100001010000011
000000000100001010010001
000000000100001100000101
000000000100010000000111
000000000100010000001011
000000000100010000001101
000000000100010000010011
000000000100010000010101
000000000100010000010110
000000000100010001000011
000000000100010001001001
000000000100011000000011
000000000100011000000101
000000000100100000001011
000000000100100000001101
000000000100100000010011
000000000100100000010101
000000000100100000011001
000000000100100000101001
000000000100100100000011
000000000100101000000011
000000000100110000000011
000000000100110000001001
000000000101000000000111
000000000101000000001011
000000000101000000001101
000000000101000000010011
000000000101000000010101
000000000101000001000011
000000000101000010000011
000000000101000010001001
000000000101000100000011
000000000101001000000101
000000000101100000000011
000000000110000000000111
000000000110000000001011
000000000110000000001101
000000000110000000010011
000000000110000000010101
000000000110000000011001
000000000110000010000011
000000000110000100000011
000000000110000100001001
000000000110000100010001
000000000110010000000011
000000000111000000000011
000000001000000000001111
000000001000000000010111
000000001000000000011011
000000001000000000011101
000000001000000000011110
000000001000000000100111
000000001000000000101011
000000001000000000101101
000000001000000000110011
000000001000000000110101
000000001000000000110110
000000001000000000111001
000000001000000001000111
000000001000000001001011
000000001000000001001101
000000001000000001010011
000000001000000001010101
000000001000000001011001
000000001000000001011010
000000001000000001100011
000000001000000001110001
000000001000000010000111
000000001000000010001011
000000001000000010001101
000000001000000010010011
000000001000000010010101
000000001000000010011001
000000001000000010011010
000000001000000010110001
000000001000000100000111
000000001000000100001011
000000001000000100001101
000000001000000100010011
000000001000000100010101
000000001000000100010110
000000001000000100011001
000000001000000101010001
000000001000000110010001
000000001000001000000111
000000001000001000001011
000000001000001000001101
000000001000001000010011
000000001000001000010101
000000001000001000010110
000000001000001000011001
000000001000001000011100
000000001000001001000011
000000001000001001010001
000000001000001010000011
000000001000001010010001
000000001000001100010001
000000001000010000000111
000000001000010000001011
000000001000010000001101
000000001000010000001110
000000001000010000010011
000000001000010000010101
000000001000010000011001
000000001000010000100011
000000001000010000100101
000000001000010000101001
000000001000010001000011
000000001000010001000101
000000001000010001001001
000000001000010001100001
000000001000010010000011
000000001000010010000101
000000001000010010001001
000000001000010010100001
000000001000010100000011
000000001000010100000101
000000001000010100001001
000000001000010101000001
000000001000011000000011
000000001000011000000101
000000001000011001000001
000000001000011010000001
000000001000100000001011
000000001000100000001101
000000001000100000010011
000000001000100000010101
000000001000100000011001
000000001000100000011010
000000001000100000110001
000000001000100010010001
000000001000100100000011
000000001000100100010001
000000001000101000000011
000000001000101000010001
000000001000110000000011
000000001000110000001001
000000001000110000100001
000000001000110100000001
000000001000111000000001
000000001001000000000111
000000001001000000001011
000000001001000000001101
000000001001000000010011
000000001001000000010101
000000001001000000011001
000000001001000010000011
000000001001000010010001
000000001001010000000101
000000001001010010000001
000000001001100000010001
000000001010000000000111
000000001010000000001011
000000001010000000001101
000000001010000000010011
000000001010000000010101
000000001010000000011001
000000001010000000100011
000000001010000000101001
000000001010000010000011
000000001010000010000101
000000001010000100000011
000000001010000100001001
000000001010001000000011
000000001010001100000001
000000001010010000000011
000000001010010000001001
000000001100000000000111
000000001100000000001011
000000001100000000001101
000000001100000000010011
000000001100000000010101
000000001100000000011001
000000001100000000100011
000000001100000000100101
000000001100000001000011
000000001100000010000011
000000001100000010001001
000000001100000100000011
000000001100000100000101
000000001100010000000101
000000001100100000000011
000000001100100000001001
000000001101000000000101
000000001110000000000011
000000010000000000001111
000000010000000000010111
000000010000000000011011
000000010000000000011101
000000010000000000100111
000000010000000000101011
000000010000000000110011
000000010000000000110101
000000010000000000111001
000000010000000001010011
000000010000000001010101
000000010000000001011001
000000010000000010000111
000000010000000010010011
000000010000000010010101
000000010000000010011001
000000010000000011010001
000000010000000100000111
000000010000000100001011
000000010000000100010011
000000010000000100010101
000000010000000100011001
000000010000001000010011
000000010000001000010101
000000010000001000011001
000000010000010000000111
000000010000010000001011
000000010000010000001101
000000010000010010000101
000000010000010100000011
000000010000011000000011
000000010000100000010011
000000010000100000010101
000000010000100000011001
000000010000100010010001
000000010001000000010011
000000010001000000011001
000000010010000000000111
000000010010000000001011
000000010010000000001101
000000010010000001000011
000000010010000010000011
000000010100000000001011
000000011000000000010011
000000011000000000010101
000000011000000000011001
000000100000000000001111
000000100000000000010111
000000100000000000011011
000000100000000000011101
000000100000000000011110
000000100000000000100111
000000100000000000101011
000000100000000000101101
000000100000000000110011
000000100000000000110101
000000100000000000111001
000000100000000000111010
000000100000000001001011
000000100000000001010011
000000100000000001010101
000000100000000001011001
000000100000000001011100
000000100000000001110001
000000100000000010001011
000000100000000010010011
000000100000000010010101
000000100000000010010110
000000100000000010011001
000000100000000010011100
000000100000000100000111
000000100000000100001011
000000100000000100001101
000000100000000100010011
000000100000000100010101
000000100000000100011001
000000100000000100011010
000000100000000101010001
000000100000000110010001
000000100000001000000111
000000100000001000001011
000000100000001000010011
000000100000001000010101
000000100000001000011001
000000100000001000011010
000000100000001000100011
000000100000001000110001
000000100000001001010001
000000100000001100010001
000000100000010000000111
000000100000010000001011
000000100000010000001101
000000100000010000010011
000000100000010000010101
000000100000010000011001
000000100000010000100011
000000100000010000100101
000000100000010000101001
000000100000010001000011
000000100000010001000101
000000100000010010000011
000000100000010010000101
000000100000010100000011
000000100000010100001001
000000100000011000000011
000000100000011000000101
000000100000011000100001
000000100000100000000111
000000100000100000010011
000000100000100000010101
000000100000100000010110
000000100000100000011001
000000100000100000011100
000000100000100010010001
000000100000110000000011
000000100001000000010011
000000100001000000010101
000000100001000000011001
000000100001000000011010
000000100001000000110001
000000100001001000010001
000000100001010000000011
000000100001010000001001
000000100001011000000001
000000100010000000000111
000000100010000000001011
000000100010000000001101
000000100010000000001110
000000100010000000010011
000000100010000000010101
000000100010000000011001
000000100010000001000011
000000100010000010000011
000000100010000100000011
000000100010000100000101
000000100010001000000011
000000100100000000000111
000000100100000000001011
000000100100000000010011
000000100100000000101001
000000100100000100000011
000000100100001000000011
000000100101000000000011
000000101000000000000111
000000101000000000001011
000000101000000000010011
000000101000000000010101
000000101000000000011001
000000101000000000011010
000000101000000000110001
000000101000001000000011
000000101000001000010001
000000101000010000000011
000000101000010000000101
000000101000010000001001
000000101000011000000001
000000101100000000000011
000000110000000000010011
000000110000000000010101
000001000000000000001111
000001000000000000010111
000001000000000000011011
000001000000000000011101
000001000000000000011110
000001000000000000100111
000001000000000000101011
000001000000000000101101
000001000000000000110011
000001000000000000110101
000001000000000000110110
000001000000000000111001
000001000000000000111100
000001000000000001000111
000001000000000001001011
000001000000000001010011
000001000000000001010101
000001000000000001011001
000001000000000010000111
000001000000000010001011
000001000000000010001101
000001000000000010010011
000001000000000010010101
000001000000000010011001
000001000000000010011010
000001000000000010110001
000001000000000100000111
000001000000000100001011
000001000000000100001101
000001000000000100010011
000001000000000100010101
000001000000000100011001
000001000000000100011100
000001000000000101010001
000001000000000110010001
000001000000001000000111
000001000000001000001101
000001000000001000010011
000001000000001000010101
000001000000001000010110
000001000000001000011001
000001000000001001000011
000001000000001001010001
000001000000001010000011
000001000000001010010001
000001000000010000000111
000001000000010000001011
000001000000010000001101
000001000000010000001110
000001000000010000010101
000001000000010001000011
000001000000010001001001
000001000000010010000011
000001000000010010001001
000001000000010100000101
000001000000011000000011
000001000000011000000101
000001000000011001000001
000001000000011010000001
000001000000100000001011
000001000000100000001101
000001000000100000010011
000001000000100000011001
000001000000100010010001
000001000000100100010001
000001000000101000000011
000001000000101000010001
000001000000110000000011
000001000000110000001001
000001000000111000000001
000001000001000000000111
000001000001000000001011
000001000001000000010011
000001000001000000010101
000001000001000000010110
000001000001000000011001
000001000001000001010001
000001000001000010000011
000001000001000010010001
000001000001010000000101
000001000001100000010001
000001000010000000000111
000001000010000000001011
000001000010000000001101
000001000010000000010011
000001000010000000011001
000001000010000000100011
000001000010000000101001
000001000010000001000011
000001000010000010000011
000001000010000100000011
000001000010000100001001
000001000010001000000011
000001000011000000000011
000001000100000000000111
000001000100000000001011
000001000100000000001101
000001000100000000001110
000001000100000000010011
000001000100000000010101
000001000100000000011001
000001000100000001000011
000001000100000010000011
000001000100000010001001
000001000100001000000101
000001000100100000000011
000001000110000000000011
000001001000000000000111
000001001000000000001011
000001001000000000001101
000001001000000000010011
000001001000000000010101
000001001000000000010110
000001001000000000011001
000001001000000000011100
000001001000000001010001
000001001000000010010001
000001001000010000000101
000001001000010001000001
000001001000100000010001
000001001000110000000001
000001001010000000001001
000001001100000000000101
000001010000000000001011
000001010000000000010011
000001010000000000011001
000001100000000000010011
000001100000000000011001
000001100000000000011010
000001100000001000010001
000001100000010000001001
000010000000000000001111
000010000000000000010111
000010000000000000011011
000010000000000000011101
000010000000000000011110
000010000000000000100111
000010000000000000101011
000010000000000000101101
000010000000000000101110
000010000000000000110011
000010000000000000110101
000010000000000000111001
000010000000000001000111
000010000000000001001011
000010000000000001001101
000010000000000001010011
000010000000000001010101
000010000000000001011001
000010000000000010000111
000010000000000010001011
000010000000000010001101
000010000000000010010011
000010000000000010010101
000010000000000010011001
000010000000000010100011
000010000000000100000111
000010000000000100001011
000010000000000100001101
000010000000000100001110
000010000000000100010011
000010000000000100010101
000010000000000100011001
000010000000000101000011
000010000000000110000011
000010000000001000000111
000010000000001000001011
000010000000001000001101
000010000000001000001110
000010000000001000010011
000010000000001000010101
000010000000001001000011
000010000000001001010001
000010000000001010000011
000010000000010000000111
000010000000010000001011
000010000000010000001101
000010000000010000010011
000010000000010000010101
000010000000010000010110
000010000000010000011100
000010000000010000100101
000010000000010001000011
000010000000010001001001
000010000000010010010001
000010000000010100000101
000010000000011000000101
000010000000100000001011
000010000000100000001101
000010000000100000010011
000010000000100000010101
000010000000100000011001
000010000000100000101001
000010000000100100000011
000010000000100100001001
000010000000101000000011
000010000000110000000011
000010000000110000001001
000010000001000000000111
000010000001000000001011
000010000001000000001101
000010000001000000010011
000010000001000000010101
000010000001000000100101
000010000001000001000011
000010000001000010000011
000010000001000010001001
000010000001000100000011
000010000001001000000101
000010000001100000000011
000010000010000000000111
000010000010000000001011
000010000010000000001101
000010000010000000010011
000010000010000000010101
000010000010000000011001
000010000010000100000011
000010000010000100010001
000010000010010000000011
000010000100000000000111
000010000100000000001011
000010000100000000010011
000010000100000000010101
000010000100000000011001
000010000110000000000011
000010001000000000000111
000010001000000000001011
000010001000000000001101
000010001000000000010101
000010001000000000100101
000010001000000001000011
000010001000000010000011
000010001000000100000011
000010001000000100000101
000010001000010000000101
000010001000100000000011
000010001001000000000101
000010001010000000000011
000010010000000000001011
000010100000000000000111
000010100000000000001011
000010100000000000001101
000010100000000000010011
000010100000000000010101
000010100000001000000011
000010100001000000000011
000010101000000000000011
000011000000000000000111
000011000000000000001011
000011000000000000001101
000011000000000000001110
000011000000000000010101
000011000000000001000011
000011000000000010000011
000011000000000100000011
000011000000100000000011
000011000010000000000011
000011001000000000000101
000100000000000000001111
000100000000000000010111
000100000000000000011011
000100000000000000011101
000100000000000000011110
000100000000000000100111
000100000000000000101011
000100000000000000101101
000100000000000000110011
000100000000000000110101
000100000000000000111001
000100000000000001000111
000100000000000001001011
000100000000000001001101
000100000000000001001110
000100000000000001010011
000100000000000001011001
000100000000000001101001
000100000000000010000111
000100000000000010001011
000100000000000010001101
000100000000000010001110
000100000000000010010011
000100000000000010010101
000100000000000010011001
000100000000000010100101
000100000000000011000011
000100000000000011000101
000100000000000100000111
000100000000000100001011
000100000000000100001101
000100000000000100010011
000100000000000100010101
000100000000000100011001
000100000000000100101001
000100000000000101000011
000100000000000101001001
000100000000000110000011
000100000000000110000101
000100000000001000000111
000100000000001000001011
000100000000001000001101
000100000000001000010011
000100000000001000010101
000100000000001000011001
000100000000001001000011
000100000000001001000101
000100000000001010000011
000100000000001010000101
000100000000001100000011
000100000000010000000111
000100000000010000001011
000100000000010000001101
000100000000010000010011
000100000000010000011001
000100000000010000011010
000100000000010001001001
000100000000011000000011
000100000000011000000101
000100000000100000000111
000100000000100000001011
000100000000100000001101
000100000000100000001110
000100000000100000011001
000100000000100010000011
000100000000100100000011
000100000000100100001001
000100000000101000000011
000100000000110000001001
000100000001000000000111
000100000001000000001011
000100000001000000001101
000100000001000000010011
000100000001000000010101
000100000001000000011001
000100000001000010000011
000100000001000100000011
000100000001001000000011
000100000010000000000111
000100000010000000001011
000100000010000000001101
000100000010000000010011
000100000010000000010101
000100000010000000011001
000100000100000000000111
000100000100000000001011
000100000100000000001101
000100000100000000010011
000100000100000000010101
000100000100000000011001
000100000100000100000011
000100000100010000000011
000100001000000000000111
000100001000000000001011
000100001000000000001101
000100001000000000010011
000100001000000000011001
000100001000000010000011
000100001000000100001001
000100001000001000000011
000100001100000000000011
000100010000000000000111
000100010000000000001011
000100010000000000001101
000100010000000010000011
000100100000000000000111
000100100000000000001011
000100100000000000001101
000100100000000000001110
000100100000000000010011
000100100000000000011001
000100100000000001000011
000100100000000010000011
000100100000000100000011
000100100000001000000011
000100100000100000000011
000101000000000000000111
000101000000000000001011
000101000000000000001101
000101000000000000100011
000101000000000000101001
000101000000000001000011
000101000000000001001001
000101000000000010000011
000101000000000100000011
000101000000001000000011
000101000001000000000011
000101001000000000001001
000110000000000000000111
000110000000000000001101
000110000000000000010011
000110000000000000011001
000110000000000100000011
000110000000010000000011
000110000100000000000011
000110001000000000010001
000111000000000000000011
001000000000000000001111
001000000000000000010111
001000000000000000011011
001000000000000000011101
001000000000000000011110
001000000000000000100111
001000000000000000101011
001000000000000000101101
001000000000000000110011
001000000000000000110101
001000000000000000110110
001000000000000000111001
001000000000000001001011
001000000000000001010011
001000000000000001010101
001000000000000001011001
001000000000000001011010
001000000000000010000111
001000000000000010001011
001000000000000010010011
001000000000000010010101
001000000000000010011001
001000000000000010011010
001000000000000010110001
001000000000000100000111
001000000000000100001011
001000000000000100001101
001000000000000100010011
001000000000000100010101
001000000000000100010110
001000000000000100011001
001000000000001000000111
001000000000001000010011
001000000000001000010101
001000000000001000010110
001000000000001000011100
001000000000001001010001
001000000000001010010001
001000000000001100010001
001000000000010000000111
001000000000010000001011
001000000000010000001101
001000000000010000001110
001000000000010000010101
001000000000010000100101
001000000000010001000011
001000000000010001001001
001000000000010010000011
001000000000010100000101
001000000000011000000011
001000000000011000000101
001000000000100000001011
001000000000100000010011
001000000000100000010101
001000000000100000011001
001000000000100000011010
001000000000100000110001
001000000000110000000011
001000000000110000001001
001000000001000000010011
001000000001000000010101
001000000010000000000111
001000000010000000001011
001000000010000000001101
001000000010000000010011
001000000010000000011001
001000000010000010000011
001000000010000100000011
001000000100000000000111
001000000100000000001011
001000000100000000001101
001000000100000000010011
001000000100000000010101
001000000100000001000011
001000000100000010000011
001000000100000100000011
001000000100100000000011
001000001000000000000111
001000001000000000001101
001000001000000000010011
001000001000000000010101
001000001000000000010110
001000001000000010010001
001000001100000000000101
001000010000000000010011
001000010000000000011001
001000100000000000010011
001000100000000000010101
001000100000000000011001
001000100000000000011010
001000100000000000110001
001000100000010000000011
001000100100000000000011
001001000000000000000111
001001000000000000010011
001001000000000000010101
001001000000000000010110
001010000000000000000111
001010000000000000001011
001010000000000000001101
001010000000000000010101
001010000000000000100011
001010000000000000100101
001010000000000001000011
001010000000000010000011
001010000000000100000011
001010000000000100000101
001010000000001000000101
001010000000100000000011
001010000010000000000011
001010001000000000000101
001010100000000000000011
001100000000000000000111
001100000000000000001011
001100000000000010000011
010000000000000000001111
010000000000000000010111
010000000000000000011011
010000000000000000011101
010000000000000000011110
010000000000000000100111
010000000000000000101011
010000000000000000101101
010000000000000000110011
010000000000000000110101
010000000000000000111001
010000000000000001000111
010000000000000001001011
010000000000000001010011
010000000000000001010101
010000000000000001011001
010000000000000001011010
010000000000000001110001
010000000000000010000111
010000000000000010001011
010000000000000010001101
010000000000000010010011
010000000000000010010101
010000000000000010011001
010000000000000010011010
010000000000000100000111
010000000000000100001011
010000000000000100001101
010000000000000100010011
010000000000000100010101
010000000000000100011001
010000000000000101010001
010000000000000110010001
010000000000001000000111
010000000000001000010011
010000000000001000010101
010000000000001000010110
010000000000001001000011
010000000000001010000011
010000000000001010010001
010000000000010000000111
010000000000010000001011
010000000000010000001101
010000000000010000001110
010000000000010000100101
010000000000010001000011
010000000000010001001001
010000000000010010000011
010000000000010010001001
010000000000011000000011
010000000000011000000101
010000000000100000001011
010000000000100000010011
010000000000100000011001
010000000000100000011010
010000000000100000110001
010000000000100100010001
010000000000110000000011
010000000000110000001001
010000000001000000000111
010000000001000000001011
010000000001000000010011
010000000001000000010101
010000000001000001010001
010000000001000010000011
010000000010000000000111
010000000010000000001011
010000000010000000001101
010000000010000000011001
010000000010000010000011
010000000010000010000101
010000000010000100000011
010000000010000100001001
010000000010001000000011
010000000100000000000111
010000000100000000001011
010000000100000000001101
010000000100000100000011
010000000110000000000011
010000001000000000000111
010000001000000000001011
010000001000000000001101
010000001000000000010101
010000001000000000010110
010000001000010000000101
010000010000000000010011
010000010000000000011001
010000100000000000010011
010000100000000000011001
010000100000000000011010
010000100000010000000011
010001000000000000001011
010001000000000000010011
010001000000000000010101
010001000000000000011001
010010000000000000000111
010010000000000000001011
010010000000000000001101
010010000000000000001110
010010000000000000100101
010010000000000001000011
010010000000000010000011
010010000000000100000011
010010000000100000000011
010010000010000000000011
010100000000000000000111
010100000000000000001011
010100000000000000001101
010100000000000000100011
010100000000000000101001
010100000000000001000011
010100000000000010000011
010100000000000100000011
010100000000000100001001
010100000000001000000011
010100000001000000000011
010100000100000000000011
010100001000000000000011
010100001000000000001001
010110000000000000000011
011000000000000000010101
011000000000000000010110
100000000000000000001111
100000000000000000010111
100000000000000000011011
100000000000000000011101
100000000000000000011110
100000000000000000100111
100000000000000000101011
100000000000000000110011
100000000000000000110101
100000000000000000111001
100000000000000001010011
100000000000000001010101
100000000000000001010110
100000000000000001011001
100000000000000001110001
100000000000000010000111
100000000000000010010011
100000000000000010010101
100000000000000010010110
100000000000000010011001
100000000000000100010011
100000000000000100010101
100000000000000100011001
100000000000000100011010
100000000000000101010001
100000000000000110010001
100000000000001000010011
100000000000001000010101
100000000000001000011001
100000000000001000011010
100000000000001000110001
100000000000001100010001
100000000000010000000111
100000000000010000001011
100000000000010000001101
100000000000010000100011
100000000000010000101001
100000000000010001000011
100000000000010001000101
100000000000010010000011
100000000000010010000101
100000000000010100000011
100000000000010100001001
100000000000011000000011
100000000000100000010011
100000000000100000010101
100000000000100000010110
100000000000100000011001
100000000000110000000011
100000000001000000010011
100000000001000000010101
100000000001000000011001
100000000001000000011010
100000000001000000110001
100000000001000100010001
100000000001010000000011
100000000010000000000111
100000000010000000001011
100000000010000000001101
100000000010000000001110
100000000010000000010011
100000000010000000011001
100000000010000100000011
100000000100000000000111
100000000100000000001011
100000000101000000000011
100000001000000000000111
100000001000000000010011
100000001000000000010101
100000001000000000011001
100000001000000000011010
100000001000010000001001
100000010000000000010101
100000100000000000010011
100000100000000000010101
100000100000000000010110
100001000000000000010011
100001000000000000011001
100001000000000000011010
100001000000010000000011
100001000000010000001001
100010000000000000000111
100010000000000000001011
100010000000001000000011
100010000001000000000011
100100000000000000000111
100100000000000000001011
100100000000000000001110
100100000000000001000011
100100000000000010000011
100100000000000100000011
101000000000000000010011
101000000000000000011001
101000000000000000011010
101000000000000000110001
101000000000010000000011
101000000010000000000011
101000000100000000000011
101010000000000000000011
110000000000000000010011
110000000000000000011001
